6.095799396785025470e-01	-2.241730068996931891e-01	-6.386154668721200078e-01	4.103446627172175898e-01	4.443413042003370172e-01	-7.501393127863739130e-01	-2.247970146059123098e-01	-3.708129560881698317e-01	5.096681101476017162e-01	-3.662949878072184196e-01
3.534901672870327527e-01	1.087533499610506965e-01	-7.242900153656531836e-01	-3.716867353922835571e-02	-7.518069243668233648e-02	-3.812451072143796527e-02	-1.091685943524375535e+00	1.081940113039854712e+00	1.064228480556369094e+00	-6.171644930462892864e-01
1.651655394325642345e-01	-9.773689157986029663e-01	1.109658321628223948e-01	3.556670515144230715e-01	1.360862069942706531e-01	1.064850607505501978e+00	8.878207221391368753e-01	-5.392389002282750310e-01	8.973639790490423387e-03	-8.759354772587656379e-01
-1.631784426495312301e+00	-3.390462299814746561e-01	4.403748104088259785e-01	-5.690155175016610167e-01	1.474792770599551606e+00	-3.366256972872277431e-01	-2.326354171961647899e-01	1.978526606015349187e-01	-2.038696855511349160e+00	-2.145081549399529219e+00
3.038710010498381006e-02	1.170966765339978455e+00	-2.980996944518021219e-01	-1.161080028996992614e-01	-1.675683823920849982e-02	-1.688071628328290164e+00	-4.669553969833761253e-01	6.086540958430376458e-01	6.275328872668529678e-01	-2.434630569459362570e-01
1.809350547218879557e+00	1.593240761745934542e+00	-1.351804704167981708e+00	-7.155177880238668964e-01	-2.539493877216492113e-01	1.313681098952887982e-01	-1.843435428049318703e-01	-1.203990396667766527e+00	1.806708103951703837e-01	-1.866004728303189086e+00
1.361461594714359791e+00	2.477176271734690960e-01	6.022279867457176750e-02	-4.103570843219360720e-01	-7.916694727823245237e-02	-1.748789986423865850e+00	-6.054246429577968547e-01	-2.408774432271668375e-01	-8.144030200154955823e-01	4.086782474248661368e-01
8.515183834947520625e-01	1.778751360907291912e-01	9.695874378672658667e-01	-1.020703268055437041e-01	-8.653576465500186776e-01	6.602199883336599961e-02	1.188384792382827099e-01	-6.249123758457273206e-03	1.317161180700151757e+00	1.170223570001933000e+00
9.770183430338438280e-01	4.121565140522206461e-01	1.493538932224947935e+00	2.617483233627710543e-02	-7.605079876638564107e-01	-9.554548136584007922e-01	-2.184924865717633446e-01	2.579292976528054115e+00	1.249482891805430596e+00	3.846810246163624436e-01
1.833070685645772913e-01	-7.599537867463882490e-01	1.569480474895333932e+00	-1.733094574504943974e+00	-1.074478628666865276e+00	9.535842861444489005e-01	-6.824495427701809946e-01	2.683122490647194547e-01	-2.915070323382490391e-01	1.591771523921295506e+00
1.081473072176402983e+00	-8.380694241897663765e-01	-1.619195850076578791e-01	-6.164494911811384537e-01	-1.654803573376064374e-01	2.773383635937203717e+00	3.225749713669139318e+00	4.902664048241463512e-01	1.759899252249312429e+00	-2.668397929661001200e+00
1.093421638746765012e+00	-7.485352717943611900e-01	5.343650105938787531e-01	1.299752475908818816e+00	-2.938377825591746983e-01	-2.390203694720753447e+00	1.384906566966167762e+00	-1.914959094103380333e-01	9.866556894373091913e-01	1.951138106080291701e+00
2.300261929886159296e-01	7.062503021119508340e-01	5.584104052419349706e-01	-1.110068515427416580e+00	-1.217519210017306674e+00	1.077991367751021806e-01	-8.020703021878844430e-01	1.132572643166712689e+00	-4.045516699727562111e-04	-7.074725814288563841e-01
5.969650123264625963e-01	3.626085138778951666e-01	-6.723893265216901276e-03	-1.111236144966051831e-01	-3.658469026183171491e-01	-1.050749066467084658e+00	-2.447271982268965029e+00	-2.141258914698401128e+00	-1.860183776948418410e+00	4.110490726329945055e-01
-1.912793435124495733e+00	9.117616332172011617e-01	8.666788763514442495e-01	-9.768549408470485196e-02	7.513966499808531763e-02	7.493045442596601990e-01	7.694258446786389483e-01	1.303018679168495009e+00	-1.828206303995700832e+00	-1.420163986800410560e+00
2.714759526643270027e-01	4.901705218043104773e-01	-3.454980228924668384e-01	4.148610490908420934e-01	4.477717359357204496e-01	-3.002176850099693151e-01	2.329117786823890757e-01	1.489243215202337378e+00	-1.774258051002956194e+00	-8.932897229879555034e-02
6.557140214183977411e-01	-1.363784824421388819e+00	-3.525960353954282200e-01	1.212047229773116630e+00	7.283881093519152250e-01	-7.479106829370263387e-01	1.447092744649219609e-01	-3.034867750041158607e-01	1.154274667062387127e+00	7.782521569537992345e-02
-2.041551401139378719e+00	3.133112738806838604e-01	2.047882539035718874e-01	-1.079451425898525940e+00	1.348822739131166681e+00	6.702740142462307871e-01	-4.174392226715558096e-01	4.100875295430472800e-01	6.348131549079103486e-01	-6.584334331627835768e-01
-2.127851041739740268e+00	-6.269500377876980890e-01	-1.052788995248532977e+00	1.025155900243023277e-01	1.681800154223125343e-01	2.164817074561290744e-01	9.722355559881673548e-02	-2.151023839976936858e-01	-4.374326980994768244e-01	8.231422392474297967e-01
4.645324003881973196e-01	4.872785262505984760e-01	1.938556325065824704e-01	4.058352229285356882e-01	1.556934684285608439e+00	-1.007895041555286975e+00	-7.364140022961395138e-01	-2.914914978810352331e-01	1.675121115891770707e+00	-5.876161077044921299e-01
8.781303262600695936e-01	-4.965955203715665123e-01	-1.459917136508344315e+00	-7.688608128692822619e-02	-4.866706401499995560e-01	-1.071533359542112374e+00	1.445305561469644395e+00	1.244509034694924798e+00	-1.676073610371441314e-01	-5.908546826758158677e-01
1.446315741784009734e-01	6.739564982358985379e-01	-5.506413056815576690e-01	3.977628358046083612e-01	-7.857185621211321136e-01	5.126616834838252368e-01	8.822326850448145574e-01	-1.777489896606176678e-01	-6.087708113976211255e-01	-7.187563683469395670e-01
-1.901848703937232821e-01	-8.864024215569960008e-01	3.780027995628338494e-02	9.283061616877351652e-01	-2.104695065841571400e-01	-9.054025953866623455e-02	8.091215916509799655e-01	1.211497502839712137e+00	-9.574033975343081426e-01	7.758454647040884389e-01
1.189796954305812227e+00	5.788215030702021924e-01	5.575316843818129975e-01	4.833373747124506403e-01	4.906642661697067642e-01	2.070098413064931087e-01	1.387239005193790176e+00	-6.481523577795987867e-01	9.718616043645137426e-01	1.096197639360249498e+00
-9.984028553182067167e-01	6.475640629477869004e-01	1.618282507199937159e+00	-4.424709151745305769e-01	-1.338414943610302110e+00	3.200573772894883540e-01	2.129281971958621344e+00	-1.068291685664946034e+00	-1.015858207371368671e+00	-2.394053038590746585e-01
2.960984262574416562e-02	-1.201405612951189222e-01	-2.654946177023384535e-01	-7.065998017425129119e-01	5.837156742877831483e-01	-9.968147777713131097e-01	6.619138382903803075e-01	5.204016448103766512e-01	1.001314181749606957e+00	-6.178388908820180436e-01
1.004692009573536354e-01	-1.388953830902550472e-02	7.556970386527860073e-02	-8.049995345598841556e-01	-2.076209816938441310e+00	7.995594408814107323e-01	-1.160032052905715982e+00	2.667373127066517257e-03	-5.164803564057030005e-01	1.516988276531221480e+00
1.842562421087998725e+00	5.822219174066464720e-02	-6.900445180755568897e-01	1.068809287714652223e+00	-4.249914265601543728e-01	1.960146249776216987e+00	-3.058600124612537163e-01	-4.086870702581293924e-01	-7.403797934205262887e-01	1.551553820700899644e+00
-7.531276451256583293e-01	1.156876234550697102e+00	4.866224822488701696e-01	-1.184038010741166991e+00	8.442836030833585914e-01	5.425294008616684538e-01	1.564956933054340027e+00	6.295526278964404254e-02	8.033907633258854375e-01	1.823234690723684270e+00
-5.801898908644727015e-01	-9.458632181951577289e-01	2.250307366120899655e+00	-5.657606963903943909e-01	6.471637624815737011e-01	9.561153597249716363e-01	1.278350097438720301e+00	2.915747549946096639e-01	-1.690537705830078563e+00	1.681419207404230454e+00
6.941281497253868338e-01	7.456169656979423355e-01	1.441930978516080264e-01	-1.124212284102183296e-01	-5.274034782468770555e-01	-3.615086822103561470e-01	-3.454938910042114619e-01	-1.874330212116405381e+00	2.324007075437283243e-01	8.572933553103934123e-02
9.988826145490125041e-01	4.577861478107453919e-01	-8.501717091309818342e-01	6.069593360932989956e-01	1.095994833887000031e+00	-4.154195547077995654e-01	2.244922185211625509e-01	1.467907357890156250e+00	-3.868455252230748043e-01	-8.392457352422760808e-01
-3.309260622202839786e-01	-7.908731445469823207e-01	1.713033313715534856e-01	4.278080204492340499e-01	-1.393180433917345917e+00	-1.588881277371275713e+00	-1.409788572397483675e+00	1.018828377950661501e+00	5.765527040194046160e-01	-6.375419293506189300e-01
-9.428416834719358652e-01	-2.510318581063437082e-01	-5.048925885175846728e-01	3.069910513651613604e-01	-7.509181327104570702e-02	3.191373401984876623e-01	-8.251877169283534652e-01	1.467267848195938251e+00	-1.726125356216003937e+00	2.968553737764344225e-02
6.371967921809235103e-01	1.364240643464045721e+00	2.128055621323784230e+00	9.421958202571113494e-01	3.200806627515302427e-01	2.373191418098432148e+00	-2.214649828405532261e+00	6.114235597463842931e-01	9.242601554524726426e-02	-1.452600498136918494e+00
1.205537489674834761e+00	6.225368610274880643e-01	-1.290126264268034895e+00	1.243078103548519664e+00	-4.779248470657120884e-01	7.285813092132146229e-01	-1.031525865094120364e+00	1.378735022881987682e+00	-1.747864577661376873e-01	-5.578683485798432429e-01
1.390181820653361822e+00	4.177823427435679582e-01	5.962070585931571361e-03	-8.473170140424827190e-01	-5.830177277511062739e-01	-7.840150857963552600e-01	-1.987631194743049445e-01	1.526898778182827821e+00	2.198159425887476814e+00	6.474859435503139971e-02
2.541389614952641374e+00	-1.307856288349968921e+00	4.738697393297351332e-03	4.740817289711823923e-02	-5.048691639078816129e-01	8.547556534982099219e-01	1.770031382600953496e+00	6.365052175826305288e-03	9.238818228464900084e-01	-1.414630115126472576e-01
5.460846019925880146e-01	1.136721218720947002e+00	1.007585714118917952e+00	6.500803135930659504e-01	-9.722159793036196929e-01	2.627045552312725629e-01	-5.114090127070280295e-02	-1.427337096468910049e+00	-1.304025748699283449e+00	8.776375381651955188e-01
3.181766919221563628e-01	-2.862909348577595270e-01	7.001939630235032297e-01	1.400017397379746953e+00	8.357523206354813272e-01	-1.822447520437277202e+00	-2.002097143192318907e+00	5.510175852614023623e-02	-3.267863922295131257e-02	4.216404243077969544e-02
-2.230584282612318336e+00	-1.508883658280405937e+00	1.837989923142001047e-01	-4.824701543129400472e-01	1.188584553904429297e+00	1.301532128250475928e+00	1.672025268370505025e+00	-1.333567368659209773e-01	-4.734833122540697131e-02	-1.871404301996894004e-01
-6.292861567208191120e-01	-8.764274555963775803e-01	1.163085785357447360e-01	6.875797162875738611e-01	1.109751247005221542e+00	-2.705152523890787530e-01	-3.307709799337028578e-01	1.810101107778826490e-01	5.393724863507440848e-01	-1.190337974864787290e-01
-1.680392858551998714e+00	-3.605590028277729786e-01	9.076857018684728051e-02	6.328830800213321173e-02	1.758492488652224628e-01	3.207378854824422532e-01	4.250173131167758744e-02	7.057251418092639339e-01	1.948750477552249338e-01	-1.066030719729178511e+00
1.759247012578351033e+00	-2.614375565754235575e-01	9.773488020315754254e-02	2.130968449294922684e-01	-1.503039841029408352e+00	1.003667432540507609e-01	-1.345371589972560233e+00	4.201497165072082263e-02	7.064280035403217584e-01	-5.705305733468951646e-01
1.706258044973030241e+00	-2.992398949935196617e-01	5.486500934778958394e-01	-2.463310973455994091e-02	-7.045122973009646516e-01	-4.637564678553282582e-01	-4.498277470547834556e-01	1.357569223653310342e+00	-9.847019158991905385e-01	1.267926548738230963e+00
-8.133425596484110676e-01	2.470518321742133094e-01	-5.447340242097137297e-01	-8.007291455233517263e-01	4.316136163072062937e-01	1.259549014065805661e+00	-4.665282469861211090e-01	1.262048577070290944e+00	-1.045860058884611421e+00	-5.161853357620314053e-01
1.663373085278852637e+00	9.792105002543515235e-01	7.101316113307761801e-01	4.399481444060393542e-01	1.686645405081591331e+00	-1.252945111056976701e+00	8.241945221971213043e-01	2.285241648788072233e+00	3.313213488033707188e-01	-2.345492215568328209e+00
2.453808586501358135e-01	-9.745207801100452816e-02	-1.192121588349254413e+00	4.713702634344377890e-02	-7.746190893982923820e-01	1.936097799404772404e-02	-8.820910690984481439e-01	-5.498791865923873257e-01	-3.434712483138841477e-01	-1.530783971014196609e+00
1.121026772424138507e+00	-2.218208151260445682e+00	8.026217143998054526e-01	2.241252391763390861e+00	-9.479192030072572384e-02	6.340073733915739529e-02	1.443743275891269107e-01	-1.196836126034725778e+00	4.908774266233688621e-01	4.175192530735011842e-01
4.509579300052565798e-01	1.501298635912384549e+00	-2.025709172624062138e+00	-1.012307384260469068e+00	1.085542163093765472e-01	1.024927391874188354e+00	3.203496407044856276e-02	-1.559188012395881895e+00	3.035984806712384576e-01	1.007049771364121549e+00
-8.810767222142716903e-01	4.004370545932651182e-01	1.091050355646759007e+00	-1.340770150930403970e+00	-8.738762248998512838e-01	-8.936225440239325968e-01	-9.326784305989953283e-02	8.193615871745654200e-01	-1.483566324201045228e-01	-1.283373812929460567e-01
-6.979371864818237903e-01	-9.006391558797165464e-01	-1.051665443384386389e+00	1.169441999236945140e+00	9.196718192037038886e-01	-1.303065862775040218e-01	-1.289534184952031426e+00	-1.105330946429498029e+00	-1.382762061318586921e+00	-6.349628512209646303e-01
4.881458309983663924e-01	-1.941027659124777482e+00	-1.480621513178509874e+00	1.485773367385745169e+00	9.550903088285997988e-01	-9.150602632624085797e-02	2.081889714769731003e-01	5.236826604387236905e-01	-1.949230216056101694e+00	-1.747136985019117850e+00
-1.741480980395195388e+00	5.133117361261751999e-02	1.365468063535123955e+00	2.893609655965587169e-01	9.495378858198401106e-01	-3.362523680262501369e-01	-2.547271628054362247e-01	7.372989763559298915e-01	-1.815039311374625486e-01	9.057222114932065304e-01
-6.523495541967607725e-01	-2.838899518718623671e+00	4.289214417618902875e-01	3.407757568717119101e-01	2.935434282160101493e-01	-7.639971139028128855e-01	9.322954300216120815e-01	-5.033078123320032793e-01	-3.231223896086944603e+00	-6.696582323381070623e-01
-2.354463943406869486e+00	1.056738299107071510e+00	1.033967659830798747e+00	-9.316669473650844580e-02	7.544505097099988289e-01	1.552842628890777288e+00	2.736992916898163930e+00	5.298836612613404551e-01	-1.007409295887001788e+00	2.409526815644335851e-01
-5.285949149907147593e-01	1.161287526804817061e+00	1.117225454372973575e-01	3.388892618226010955e-02	-8.680955033471350335e-01	-1.206577568309989523e+00	1.277566355900683570e+00	-3.077408915412768176e-01	-4.548012750641056839e-02	-1.402889701722746851e+00
-3.126830133854255345e-01	-1.004703172549583190e+00	-1.665766292299489582e+00	-1.615301645702763800e+00	2.319919252238195895e-01	-1.836349701727972850e-01	-1.691884956219265601e-01	-6.234975547865222456e-01	5.843465157642530050e-01	8.021229581069434789e-02
1.848138629006340405e+00	6.008432600794760131e-02	-8.789419514867564676e-01	1.041554612627644483e+00	5.799507339302317765e-01	-5.165757189148707518e-01	7.975358698770048660e-01	7.017895649227998134e-02	-1.592361316748528155e-01	1.180188929336441817e+00
3.095461370495177000e+00	2.534039919386208983e-01	6.042734202598536442e-01	1.308376512231696820e+00	2.120123920418180985e-01	-8.111088428816317641e-01	-4.621040125621728167e-01	9.696756435839187782e-01	7.977117909701753051e-01	-5.286824603258210437e-02
-1.038997530573575911e+00	-1.043897409263772502e+00	1.500330878195838880e+00	1.229754218823738920e+00	-3.168397753642534509e-01	-2.728977613624802290e-01	-1.305448634286038079e+00	-8.581945084140442104e-01	1.141330288625915568e+00	-1.107348262304530317e+00
-7.239863017590767447e-01	-8.254245175316748950e-01	-1.027543758686964681e+00	-3.282778955713753777e-01	3.954431846958964547e-01	9.369011744373785255e-01	6.121806576900113983e-01	-1.915209983545522299e+00	-6.297826681273436256e-01	2.452265393503747504e+00
5.345839814875860685e-02	-5.743373818462226693e-02	5.364002825314121564e-02	-4.661732152647324323e-01	1.140724546904827053e+00	3.510856950806142129e-01	-7.086606147759085816e-01	-9.733971976477525656e-01	3.518656178686757063e-01	1.999791052435432454e-02
-4.078006089657168487e-01	1.647293962078079099e-01	5.302380785890702386e-01	-1.416200869519265160e+00	-2.752484990783613528e-01	-6.236976420543488553e-01	-4.588551947906173156e-01	-1.293062008109877592e+00	1.145386421654459141e+00	1.187692199519348568e+00
-5.825204078205183933e-01	-1.828609063129456702e+00	1.255580975399772869e+00	-1.448636590284992698e+00	-9.693099159455376146e-01	-1.571578783367652277e-01	1.459144034843899318e+00	6.841230751602782600e-01	-5.600077353220365151e-01	-1.374772886883042777e-01
-2.574242762526545714e-01	8.180590573695905032e-01	7.531930898998673296e-01	-9.711226257185682220e-01	8.375223215349454353e-01	3.414182050526166079e-01	-1.028765014710922715e-01	1.578628597103163056e+00	5.013634356754579358e-01	6.038285542524540750e-01
8.518884267416657607e-01	-1.819337115742523991e+00	-8.920110821866313877e-01	9.859569948205465506e-01	6.569782191543243055e-01	1.244910036792924890e+00	-1.777348817566757888e-01	-1.752082811149102470e+00	-5.934366511758413232e-01	-9.162313557552835830e-01
1.399449164954829350e-01	-2.126552078661634038e-01	5.629054141696329117e-01	-1.500932985792171603e+00	3.130236040233537465e-02	2.065041738418198214e-01	4.251321781647552367e-01	-2.797988642143999893e+00	1.121657774243915329e+00	8.617318968808803659e-01
4.154614164762795436e-01	-1.528822271510540398e-01	1.324046348419752439e+00	8.569012441278786030e-01	-4.049822283238568299e-01	-1.394680762933698137e+00	5.186124844405565204e-01	3.498850277471696191e-01	-7.705459006000067168e-01	1.109445861632645025e+00
6.847534189156040396e-01	3.622251629821305330e-01	1.063991813328656555e+00	3.264507856139356456e-01	1.047851292273809021e+00	1.903683642703698942e+00	7.053754163020850010e-01	7.518717247075556998e-01	4.032458518423013283e-01	-2.711258307292314096e-01
-2.044761707947637230e+00	3.093925288921827166e-01	1.556890103252361435e+00	-1.094815869304217371e+00	-8.610246314880741769e-01	-9.971502523773602411e-02	9.928452956834045093e-03	2.141146441615595197e+00	-3.189966111477438027e-01	-5.205452511622723488e-01
8.776774099935399365e-01	-1.595501660144364120e+00	9.891138164384779552e-01	6.913008199134786924e-01	1.944539715813475567e-01	3.717442738726574325e-02	1.284615210529743701e+00	-8.556333960383221138e-01	8.194186571456690826e-01	2.144097570460053337e+00
6.484212897731399528e-01	3.027283419955191790e-01	-2.242631091912545838e-01	-8.566048924221906224e-01	-8.953888579252761160e-01	1.627904515047362555e+00	1.741263966420071585e-01	-9.874420609638032142e-02	6.470315932118383406e-01	-1.145008029144683581e+00
-9.927618594223589499e-01	-3.770555137882736219e-01	1.053470660919701707e-01	-1.593556156768713317e+00	1.708639108423132713e+00	-7.974236820691059380e-02	-5.111502018559530569e-01	-4.401538706494582676e-01	6.672834836003852521e-01	-1.663142085722896901e+00
-2.984709415181713288e-01	-3.498218707451298259e-01	-2.292152812524440364e+00	-6.480865115213179095e-01	1.907117242732174478e-01	-5.197380786416693210e-01	-6.022084074997638425e-02	-3.391917376594990596e-01	1.358815626758968387e+00	1.512760948726660004e+00
-1.610314604099930547e+00	-2.294391104647111601e-01	5.423239896107851822e-03	1.397820076600296835e+00	1.598052834946236400e-01	7.883728609158274780e-01	5.693490579334905544e-01	-3.796028713799508569e-01	1.091211126237997986e+00	6.342034817986071937e-01
1.278773930140777226e+00	-2.678577919260950235e+00	-1.481582768329819721e+00	-7.527823570920847418e-01	-5.793288624927390718e-01	-2.080691432215091841e-01	-3.130443696910307771e-01	1.171747234560372775e+00	1.590292329055132126e-01	1.819206669046855573e+00
-4.353642726791999151e-01	1.225858164366528058e+00	-2.788912028586500447e-01	8.739685308553193366e-01	-3.722951308459948039e-01	-5.228686529142171358e-01	-6.990772156061113574e-01	2.109299049446049512e+00	-4.753259944736463322e-02	-6.914069785251742983e-01
-1.187655532926290114e+00	-4.448051710363685740e-01	-3.031663760049025935e-01	4.033809308087668404e-03	3.161115376462916293e-01	-1.016724460514293327e+00	5.444222511701485301e-01	1.971425742152951299e-01	7.371605779468518582e-01	1.171796012573481649e+00
1.263130913634914032e+00	1.945830379661201759e+00	-6.112558491586695952e-01	-3.806488797795690715e-01	5.094537334299063802e-02	2.679901348125886429e+00	-1.154673352712502821e+00	4.220042547863372406e-01	2.329479937254980704e-01	-3.498170281119245550e-01
-1.005308939847419092e+00	-7.119084873268529678e-01	-1.028709721595722160e+00	-1.275593601962106582e+00	-2.719052094940701547e-01	2.201136430125283372e+00	1.388325261883221473e-01	1.193874411959581217e+00	8.257852680332498085e-01	-7.885458076541840278e-01
-1.078702180412635547e+00	-8.625744614666511767e-01	5.781521713191614120e-01	-1.025252139261916967e-01	5.654176883159973688e-01	8.630166309854272466e-01	5.237115083921983077e-02	-2.955983769808798733e-01	1.468634635361764307e+00	-5.354452490405336301e-02
-1.815857200061256338e-01	1.136909309659823508e+00	4.138276348825557088e-02	9.532773921183070875e-01	9.015734780259545417e-03	8.567217449344625146e-01	-9.554253057966987095e-01	-3.079892020134268327e-01	-9.689417184942312744e-01	-6.102921295618350950e-01
-1.853224401576481384e+00	-1.066660253047430063e+00	2.052841316078970912e+00	-6.043430366617947858e-01	-2.623630514149172033e+00	6.743366832719803750e-01	5.603874605387059171e-01	1.040588827775135838e+00	-4.548978268002206171e-01	-9.144949361395693366e-01
-1.262920430775560376e+00	-9.377493342211958849e-01	1.636454591961556071e+00	1.607259106040480057e-01	-6.503474441092546021e-01	3.923646385627970745e-01	1.532419071869414617e+00	-2.058470589306915510e-01	1.873778643300280322e+00	-2.842441675456191530e-01
9.467572700378446005e-01	1.013996408427926488e+00	7.245979519232923494e-01	8.541235874209436307e-01	8.935040944868539725e-01	6.261085490430760014e-01	2.800174183384344095e-01	-1.644677374374830414e+00	3.040871050328746716e-01	2.158202405257078349e-01
-2.762594176604206697e-01	-8.180003511523196158e-01	7.544939199334717017e-01	-4.899537912721922961e-01	1.729585613226884977e+00	-4.415797477320643760e-01	8.020922169945172708e-01	-7.367383088307659644e-01	2.588841473602401244e-01	-8.783867152164701597e-01
1.004941381489018681e+00	-2.183000598999900177e+00	2.244138394696318095e-01	-4.932088183188677588e-01	2.920932785144697563e-01	-1.404763445460525784e+00	-2.830176236014780855e-01	-7.045191315323161563e-01	1.237455049835965104e+00	2.745233487240128056e+00
-2.431649382508007218e+00	-1.794232595453235879e+00	4.892888936606312189e-01	-1.287513232777626193e+00	-1.356955794663484705e+00	-1.477380041768342034e+00	-6.211629771633091490e-01	-5.297541807142081005e-01	-4.698041355734076246e-02	-2.655880905430091019e-02
1.264508671320366595e+00	-2.586036494922800077e+00	7.199092576076353556e-01	5.200038564365538907e-01	5.388956502551148775e-01	1.169019718322872103e+00	1.269693227632692656e+00	1.966519196968209426e-01	4.340053260409734714e-01	1.682645351065251149e-01
2.093360930598219039e+00	-6.188298283735952365e-01	-1.698725736745059778e-01	-3.170552209901374430e-01	2.164458852363592423e-01	3.954997336483910830e-01	-3.131980895433345569e-01	3.192537446629217790e-02	-2.013303905035027430e+00	-3.359733183699412096e-02
-7.669795745962082467e-01	6.013328597924713081e-01	-8.551405362467942028e-01	8.380504394940013757e-01	1.588814246918770212e-01	-3.106711666803241290e-01	9.723427503219546075e-01	9.210869127990234384e-01	-2.207615234751749977e-01	8.796764006868194041e-01
8.428112354304344578e-01	2.559467652785559988e+00	-8.968131166207693461e-01	2.965239910903246234e-01	2.911016921576268235e-01	4.756714209041588148e-01	4.614232032066800104e-01	1.368876300246891997e+00	4.782007402554653841e-01	-1.028088969272721087e+00
1.489031442213668011e-01	-2.644959596951777847e+00	2.289970718260037952e+00	1.144297060644482000e+00	-2.706494982076368405e-01	-7.628011295713603701e-01	2.239771002379749465e+00	-2.090144153445203379e-01	-7.712442246214729069e-02	1.562614366080396167e+00
-1.373405996629636805e+00	4.179730634734884487e-01	1.394535506229121202e-01	1.162637547340237054e+00	-4.014268874777116580e-01	-3.388683620231984772e-01	1.238825804043949819e-01	-1.131429854948294622e+00	-3.760641474734948142e-01	1.568186259678046035e+00
1.141941080537727915e+00	-2.501401423907111954e-01	2.703046773191501106e+00	2.008994777807436627e+00	5.422927957321610482e-01	1.319399358724066662e+00	-3.860073000454852798e-01	-4.624149422710242541e-01	-2.925948591022260459e+00	-1.161819530391795308e+00
2.800956049443244569e-02	-1.148468070780128691e+00	1.197061178267785797e+00	-8.690840769862959725e-01	7.062670199695837425e-01	1.442611997303768545e+00	-7.472700455332916825e-01	-6.445929857094691295e-02	-2.580995884776455807e-01	9.418801612795577594e-01
-1.822153382767473406e+00	2.119943502049799644e+00	-1.312184142030697442e+00	5.647410154244260072e-01	6.693148859379514093e-01	-1.582966476101797193e+00	1.779474825259552029e+00	1.850457922980179859e+00	5.019806939614845920e-01	-6.099220842179877700e-01
1.717126323368412866e+00	9.608551874539416060e-01	2.118345311604011183e+00	-1.410039246541114344e-01	3.580970154147832818e-01	2.396734836652502088e-01	5.432665761634063173e-02	5.023051882248551481e-01	1.273541671347650617e+00	-5.444876745230051718e-01
-4.571930865760492346e-01	-1.905735516776216665e+00	-7.613193440446773819e-01	-4.529993072050819691e-01	-3.589781152642173012e-01	-1.067821583434294952e-01	-5.943039482790799521e-01	1.214729209327038317e+00	1.180482482246879350e+00	-8.350201278592980225e-01
-6.134115302612646037e-01	1.624591609440450557e-01	-4.220804396542582326e-01	-4.161645224053833747e-01	1.206830205492777086e+00	-1.308215726404082346e+00	-1.070707759211172228e+00	-5.572174384740734565e-01	-3.317786514768390482e-01	-9.876441089179516242e-01
-2.111534033316679881e+00	-3.032210569930872124e-01	-4.792370891373843866e-01	1.313554321859912166e-01	-1.288620066246643159e+00	-1.676398152200831992e+00	-5.995026843025097474e-01	1.876165544253353801e+00	9.362059953124178824e-01	7.260898555255512754e-01
-1.520960645723521687e-01	-1.290728184630783426e+00	-2.245207385493000807e+00	5.531500902445745105e-01	5.172605199420949873e-01	-5.022588851086347977e-02	-2.190055759421803416e-01	4.832595333826219530e-01	-8.504897579215776604e-01	-1.438975170706775941e+00
-7.766791563965701473e-01	1.348563102088489840e+00	-1.026773785544739637e+00	-2.311245679355763971e-01	-8.188447755927580340e-01	1.073377725494595175e-01	8.330590351908122582e-01	1.474314181459663586e-01	-1.078037012923793059e+00	-6.945072311153482891e-01
1.064664621563052638e+00	-3.151457165393843629e-02	2.706437491671128681e-01	-1.207244219701941512e+00	2.770524874962214112e-01	-6.957015384920227641e-01	2.086272822361497636e-01	-3.804551638668520752e-01	1.032333115705877935e+00	1.594708768482623260e-02
2.891811653643460156e-01	-3.212275079236492914e-01	1.497927133793065524e+00	-5.499534938057000222e-01	1.799775498340060453e+00	4.863447430497724877e-01	-1.423818406645152856e-01	2.877426931159847157e-01	-1.596952382906807966e+00	8.558948332255836844e-01
-1.250017531477606858e-01	-9.353428879191808543e-01	-2.889811100955402279e-01	-1.208221216873150095e+00	3.821074940973153145e-01	-5.353081797926783486e-02	1.270620145007584245e+00	8.934719125456278555e-01	-3.472302633674957395e-01	-1.057696105309203549e+00
-1.891440740125472642e-01	8.841329135727044042e-01	-3.960917510708116818e-01	-2.148747549605258544e-01	-6.254286014367550495e-01	-8.099798712235116716e-01	1.519910279316123658e+00	-1.690682437361321178e+00	9.024996591808002178e-01	3.036335474766131970e-01
5.665905775453154991e-01	2.025617730402861749e+00	2.315560501515188385e-01	9.964923604046184158e-01	-7.130594509052989860e-01	-8.102421029433933830e-01	1.648890791009759216e+00	5.834161336590416580e-01	5.060856026364297655e-01	-6.411426873532897197e-01
-2.503076233864753308e-01	1.223869860002170795e-01	-2.465592226352457395e-01	5.144260463693955954e-01	1.134522654015240661e+00	-1.141283156705597407e-01	-3.510373735019978181e-01	-8.362613261683147226e-01	-1.530908882183190378e-01	4.904401826492226224e-01
-7.863877798759892901e-01	5.995212259336513139e-01	-8.731276724785547172e-02	1.513501723547481248e-01	8.561183517366637297e-01	1.467473454455931137e+00	2.266809877482143687e+00	8.695945935461804055e-01	1.812631698351687248e+00	-7.105260250294543889e-01
9.877772330543461710e-01	-2.186891116847758110e-01	9.074727369632044072e-01	-4.870633284005561059e-01	2.285609141435556158e+00	1.131513579244837642e+00	1.531668626660189547e+00	3.696316643737823093e-01	-1.020698558949869883e-01	2.827144351169718073e-01
3.670652781059516312e-02	-2.365802072462220185e+00	-4.722822337957080507e-01	6.601333264199077400e-01	4.325021626665973007e-01	-8.156543147550140427e-01	-4.496227109134461053e-02	5.364434752757309965e-01	-1.095886254253277459e+00	-8.609072623585620754e-01
-1.081472818663827162e+00	1.418012048655080015e+00	5.747253398740440750e-03	-1.461356393579517077e+00	-5.502871557385147216e-01	1.451274340079106606e+00	-1.477614718683833317e+00	1.850963348884395954e+00	5.942609843664239389e-01	-3.752025917836641633e-01
-4.364503460844974536e-01	-3.251622195305295393e-01	1.472697965258965569e+00	7.490903967237646510e-01	-3.992358502643733598e-01	-4.102247474744549760e-01	-7.582075810241062364e-01	1.716470555863560191e-02	4.409895750018265059e-01	-1.004284234218119964e+00
5.184402265730044812e-01	-6.294670942245027545e-01	-8.645734680273431394e-01	6.508728146060152042e-01	1.300351741858935650e+00	4.213287540327615432e-01	-4.993917747769981985e-01	-2.150167100933691455e-01	7.318831509651659850e-01	-7.541433067956353486e-01
5.002787631663302426e-01	4.771781302634510724e-01	-1.043908665553670900e+00	-9.698026591766464310e-01	-5.630322314126909311e-02	-2.906634149943422840e-01	2.132360788275533992e+00	-1.013557342464246558e+00	-6.582407752821984870e-01	-1.060190997488791725e-01
6.712558676075595088e-01	-6.598020490140940053e-01	2.029616172996842050e+00	-1.342810039915463660e+00	1.225741633927913909e+00	-9.034825862543228725e-01	-1.099803141352241775e+00	-1.444078670969071387e+00	-6.201761940912885462e-01	3.677398223071296490e-01
5.768157088284223827e-02	-1.035404777522427988e+00	-3.729044991184750080e-01	1.845258882954665947e-01	6.893468424582759324e-01	-3.293333461725955758e-01	-2.278912497294725448e+00	8.899524871396755632e-01	1.029462071626061070e-02	-1.104585234816223949e+00
2.410637476241990651e+00	4.310362678436312489e-01	1.587259077513730521e+00	-2.402966504991362662e+00	7.301374430482371336e-01	3.113703653197052446e-01	1.061787262333345971e+00	7.294790882391927189e-02	-6.835158610210138042e-01	6.548736553658320858e-01
-7.116138415487448521e-01	8.744716479677718812e-01	5.408942070444361372e-01	1.561773788238286942e+00	-8.986201866659394577e-01	8.106842645849691165e-01	-1.759045102932660143e+00	-1.285189434108708451e+00	-1.312811003872838445e+00	7.153099041341088871e-01
-1.913690785622877977e-01	2.411185812064824824e-02	6.233322841752133581e-01	-1.893065756828140878e-01	1.200090475999289419e+00	7.883925217347811376e-01	-4.939214970079102707e-01	1.109132379697928661e+00	-1.176216744878038512e+00	-6.336840076886565143e-01
8.541591687629412899e-01	5.754860167712817498e-01	5.066887950578694566e-01	7.619309777785463478e-01	-1.790399639987276248e-01	-7.514294456557050195e-01	9.238405055970513868e-02	1.476242518449525365e+00	-8.652253285191867649e-01	1.192377841139302230e+00
-1.720538252212284069e+00	-1.398199686763978322e+00	-8.808868567483518763e-01	1.949936637032206321e-01	2.246265849794201741e-01	1.154890951662891130e+00	-3.570772318509649046e-01	-7.079976080710357333e-01	1.350850373078324562e+00	-5.966204146804621883e-02
-8.730331062829072702e-03	5.531623709910810094e-01	1.473361453513690300e+00	4.747160323078815081e-01	-5.434566179727722268e-01	-1.075144098879606380e+00	1.195141387902718844e+00	-7.560514913199898324e-01	-1.389150314086044169e+00	-7.226934298045141203e-01
2.309794445366526450e-01	1.364346052134363996e+00	-9.995058396995349925e-01	-1.406874594698980019e+00	1.918661072907147158e+00	1.231818644338131596e+00	1.134868847568006045e-01	1.545234993477169860e+00	-3.150205287308575075e-01	7.671056436043198479e-02
1.110984707163492624e+00	6.797262146630073110e-01	-1.559764650264254815e+00	-1.068272301576024486e+00	9.856971782365762103e-01	-2.754647381667353123e+00	-4.560534132109960725e-01	-6.486025061068347863e-01	2.546813179430357010e+00	-2.628235470325120282e+00
-2.488513568786842600e-01	1.275613255171692106e+00	1.645124471270598132e-01	-1.075530890716944299e+00	1.434390408100469250e+00	-1.164225573145065029e+00	1.966327588468578469e+00	1.330398717821266175e-01	-2.745064677556648292e+00	1.694087977861420125e-01
1.392602968509897288e-01	1.081966698335563720e-01	2.101856568368494660e+00	1.130878828582883466e+00	1.713096067663378630e+00	-1.439375052704741087e+00	1.225524613091415915e+00	-3.433245671678649136e-01	-5.121829333687314412e-01	-1.384669581952120199e+00
7.086926502140141748e-01	-1.433686732029116229e+00	1.036391294911566119e+00	-3.932722094522390910e-02	-3.667901978075943092e-01	-2.688216336466321188e+00	5.327195210186874696e-01	-6.447298492764249600e-01	5.392754975916000948e-01	2.373072801561243172e-01
-9.442544553225120652e-01	-4.370644531492098861e-01	6.255705879448579809e-01	-5.516803274309342031e-01	1.339356020279847126e+00	-2.391989501082222580e-01	7.049140017688905191e-01	1.233790017409467366e+00	8.529812414191351166e-01	-2.452958877285843275e+00
-7.287147584064078698e-01	-1.204975256146211038e+00	2.335254012083849862e+00	9.377377559012488595e-01	8.099102749068551876e-01	1.065414433601760358e+00	7.558155750379388915e-02	-8.750812633867032231e-01	-2.242101420715681415e-01	1.228130562816219101e-01
3.087491788818162441e-01	1.268041871566995438e+00	-1.545788729700114765e-02	1.440799059601116205e+00	-5.781429240861365448e-01	-5.044689082711916184e-01	-1.569267788782278128e+00	-1.460781703850638324e+00	1.394069254704450866e+00	-5.297819008277554476e-01
9.183771497324233479e-02	8.179151622131332067e-01	2.525592127528891950e+00	-2.797944820826746781e+00	-1.082437527735307992e+00	-4.211742913613377159e-01	-5.431996662033097278e-01	1.175391477153618025e+00	-5.179877025031830451e-01	1.682202524836185598e+00
9.195187894499980974e-01	3.650977005554358751e-02	3.754307212734764310e-02	2.769884291777630417e-02	-9.661588369042882762e-01	3.899552605157950991e-01	-1.321756052649992075e+00	-3.725116665426311813e-01	4.434411526981997809e-01	-1.640603721480469179e+00
-1.944687714761494934e-02	-1.068585061032253147e+00	3.866383524536060740e-02	9.037173419441371092e-01	-1.538094382272567673e+00	-1.988891485691671956e+00	-1.119840832172437128e+00	1.155628884521811228e+00	-8.621057711695453429e-01	3.894113322172862435e-01
-5.379003666085532265e-01	1.113227287218524042e+00	-1.568780842233691519e+00	-4.765542938740558454e-01	5.998988769693802681e-01	-1.441865018701128376e+00	9.752307462485362843e-02	5.129006477520771101e-01	-1.228186377758081621e-01	2.409587574453360692e-01
-7.242460597317061932e-01	1.141625468835470336e+00	2.615783721298844608e-02	-8.695628522949175876e-01	-8.653578975112280469e-01	1.125353900049143929e+00	1.690963535934902229e+00	1.280259700808002513e-02	-6.964286766741085988e-02	1.744107862805150733e+00
-8.800588023187140285e-01	6.610019587737984148e-01	-1.317219379632608822e+00	-1.123706091641383686e+00	1.108706109703178733e+00	-1.659583603335949675e+00	-1.260918577211760594e+00	1.220403406895968074e-01	6.109115350396394639e-01	8.694386152659060452e-01
6.365296144497775144e-01	3.033174856324021285e-01	-1.814843831720997391e+00	-4.331833870864661984e-01	2.614571247208634097e-01	-8.417929326133165580e-01	-5.364713847207254194e-01	2.660451866981942137e-01	-6.893519986425555857e-01	4.225803430137944350e-01
1.945468412234438116e+00	-1.056456371788824650e-01	-7.265569433610055139e-01	6.065885465009057675e-01	5.067499812879719401e-02	8.233620995269368137e-02	-2.458910369163354870e-01	-3.288860962983141123e-01	-2.566680553059254022e-01	-1.278491856382715008e+00
1.033203275401921140e+00	7.294583495119317806e-01	-6.940451617756266955e-01	1.245622443894644382e+00	1.631056437146275462e-01	-2.745239720243887807e-02	8.556443810336253897e-01	-5.830594748932722560e-01	2.305203370654032857e-01	1.738017477052082593e-01
9.667900451077603430e-01	-6.564077283026369392e-01	-1.065073453824836536e+00	-1.248977520864487323e+00	2.569430573447156085e+00	-2.617032448125636290e-01	-7.227281159405811728e-01	8.011017814692636962e-01	1.588170667721961193e-01	3.705040297392586668e-01
1.985594474097116979e+00	-7.032702308972994532e-01	4.483776594836899609e-01	1.529457842284499547e+00	4.543745597373724521e-02	1.202285753469064300e+00	3.428198627451262137e-01	1.278123326171745344e-01	1.969985795838843812e+00	1.158451881971590408e-01
-2.132879900397186113e+00	-3.059209776049221646e-02	-2.235669040996354773e-01	6.804915529705801713e-01	-3.945528458167711694e+00	6.656786174016657842e-01	-1.055926005159270264e+00	1.006789619719944184e+00	3.578864426850154601e-01	-3.732263187784637393e-01
-7.301013146380816998e-01	5.056245694009937619e-01	-9.745280770358429878e-01	2.595521264391244531e-01	-6.502612337193326431e-01	-1.951562550120354400e+00	1.982405887875942629e-01	-7.389142781130590976e-01	-1.114868439066837746e+00	1.383345957227268830e+00
3.684430687561918716e-01	9.395504572878351501e-01	2.641382520332640205e-01	-1.045898791910931713e+00	-8.014159102754909725e-01	-5.001990116762308203e-01	1.140588300393251320e+00	-8.185547804875441535e-01	-4.712684960520223676e-01	-6.473325645430348663e-02
2.074963363641662284e-01	1.768457977651009871e+00	-4.943413387575180673e-01	-1.606703389329230125e-01	3.295298335597364892e-03	2.215352974473029146e+00	8.395504065391260484e-01	8.907876108535025539e-01	4.227677920159962355e-01	1.610617970535590526e+00
-3.144468575473954308e-01	-2.953816037661572969e-01	-8.072574010622339813e-01	8.873632944449653115e-01	-1.614220743766846544e+00	-1.375641786529286481e+00	7.644793907032901847e-01	3.374873821934173401e-01	-5.607282122531440649e-01	1.319809304799555827e+00
-1.701855941052345722e+00	6.836737150971824439e-01	-1.764444145718078394e+00	4.511470965454008053e-01	-2.563810864832915537e-01	2.470123665605351793e+00	-1.127703969914318760e+00	-5.635381703389689134e-01	1.713586747803406141e+00	-1.292339072307508441e-01
1.131524661506099205e-01	8.263544471008335557e-02	5.209970037749468430e-01	9.758107544153790114e-01	-1.148563201475163886e+00	8.075403319386493806e-01	1.380151485450135107e+00	1.011520530995417610e+00	-7.344024272173468315e-01	8.286641359044100152e-01
1.293124542597036131e+00	1.179954722489350738e+00	2.428914407301503875e+00	3.327550035867175571e-01	-1.304045307937017562e+00	-1.059849404272852569e+00	1.764052959219436056e+00	8.927321364353988375e-01	-1.203424300606630304e+00	1.592679602370906389e-01
-1.109889897878109544e+00	1.025545083228698751e+00	6.951955326059569007e-01	-5.706375422995869640e-01	-3.319570486534636489e-01	2.016801631099364167e-01	-3.941919026370392931e-01	-8.220755058560010875e-01	3.901599336727351042e-01	2.314180206395446415e+00
-1.777675966288576603e+00	-6.102516944085999429e-01	1.184515428509789858e+00	-4.784937768645978196e-01	9.010486668125076148e-01	4.059088658797823101e-01	-3.909638560171437849e-01	1.699277128009516913e+00	1.184756817356935166e+00	5.325188169048453712e-01
5.039459900417055938e-01	7.350786528911760209e-01	-2.598145578868936934e+00	-1.192016252475190941e+00	-2.523193444675244090e-01	1.364285761522223028e+00	7.694075300707878817e-01	9.533313328057618774e-01	7.196469036744883307e-02	3.348427330162464521e-01
-1.927602005892085218e-02	9.478490045991284571e-03	1.250982338858194487e-01	-1.999881052441319917e-01	-7.760766543367793036e-01	1.194009723595112149e+00	-5.642061487597849201e-01	-1.512591418222811956e+00	-8.519301251900830707e-02	2.057290759134135505e-01
-3.265351596628153219e-01	1.560600452944528420e-02	6.094502193111904775e-01	-6.780758287971568044e-02	1.689235317114291313e+00	-2.666837116081722803e-01	-1.239474847959038728e+00	-3.481410928162159690e-01	-5.833506790505486039e-01	-1.467909248051432414e+00
1.064476719899431378e+00	-1.966371834238025418e-01	1.061094730620298021e+00	1.867845272754069599e-02	-9.297626119958602997e-01	-5.379272635737483155e-01	1.009228212939177610e-01	-5.846466319374020726e-01	1.051009517357244683e+00	8.293364431809296944e-01
-1.585922962865733199e+00	5.800043406213801767e-01	1.763886779797018356e+00	-9.293552152604939165e-02	8.488614463580926306e-02	-9.257643077362304185e-01	1.071537660351760790e+00	-2.866290951933770925e-01	2.090774906748688267e+00	1.078699779331260489e+00
9.110655726140340915e-01	-1.635691133506977646e-01	-2.127511702551640460e-01	7.876734673171942314e-01	6.832222549427838798e-01	1.678492522618019844e+00	-3.195230288269968518e-03	-2.357267487811147699e-01	-7.112967518409086809e-01	-1.054612126936450567e+00
2.234851169029158646e-01	-1.540634809333856881e+00	-3.692738911000280067e-01	-4.042127835690920157e-01	1.120082609921285943e+00	9.500437811296479074e-02	-7.856497188105843188e-01	-6.427324404418343073e-01	1.390659642859437328e+00	-1.843331356327398973e-01
-4.034306956938110006e-02	-6.361396931789001785e-01	2.850044889387662872e-01	1.787557998062467179e+00	4.967341538676409707e-01	-2.281120309176618566e+00	1.006393262904130337e+00	8.492621311894381353e-02	-3.101716552596760490e-01	1.130906233869580224e-02
-8.428262127637617951e-01	3.760661796617073005e-01	-9.586745016811434317e-01	9.812949525435921139e-02	-5.341798333758563944e-01	5.034608574255931002e-01	1.307903204210772441e-01	-3.131706769663188950e-01	6.092997223269138729e-01	3.563695686809056351e-01
-4.154408900769899216e-01	-1.442031299614555229e+00	7.790818553005938486e-03	1.698868636334397664e+00	1.301280161769942101e-01	-1.499599728651501707e-01	-5.716298715247818407e-01	-6.733297438055447781e-01	8.332340438081570211e-01	-8.423406198762005692e-01
5.559555348914306805e-01	5.396676628841674123e-02	-1.581371177608121778e-02	-1.466472236552846253e-01	1.769986282301549085e+00	-1.389916113772400041e-01	7.561361079739976621e-01	-6.023278670502503207e-01	7.968372070940106244e-01	8.598595105774327063e-01
-6.027743751462575350e-01	1.830063287596192190e+00	-2.127348443708100945e+00	-8.518622763132456255e-01	9.862305828722500722e-01	-1.986035258308929574e+00	-1.248692619080938870e+00	-2.306753309961439680e+00	1.496447250479040481e+00	-5.138542644794050762e-01
1.637349539263365905e+00	3.067858982340248009e-01	6.560204409913230617e-01	-1.086537067987166205e+00	8.792946100002628773e-01	-7.022458454716927756e-01	-1.192074962573179464e+00	5.358163570263848458e-02	1.672392586494552580e+00	1.131327160134158322e-01
1.380247420734359576e+00	-7.026208773410730357e-01	-1.594769711149573110e+00	-6.348406202749423688e-01	1.271111102908944357e+00	3.048245976941179602e+00	-1.301315921707653755e+00	-1.997916754633874969e+00	-6.884085736175620251e-01	7.650261544760204035e-01
2.385907433025885815e+00	2.749526649216110230e-01	1.525155906492189350e-01	-6.187196575023200529e-01	-2.072112004217439463e+00	3.121747389962506447e-01	9.911425881623845413e-01	-3.713433835725477583e-01	-8.656618712606208854e-01	-4.450690825290408159e-01
2.520622515680220888e-01	3.089312326506041817e-01	3.806785025836916803e-01	-3.115508263786619381e-01	-1.327946005742228541e+00	-1.304514173926109466e+00	-7.820121520175882246e-01	-6.833138687904597441e-01	1.303495153768885750e-01	-1.246826377430700905e+00
-8.447079295184150016e-01	2.172887710763050428e+00	2.465301525880301062e-02	2.044043949025902557e-02	1.565146187301518443e+00	1.345604756938856006e-01	-1.534454503322995635e-02	-2.490220655925181048e-01	-4.339537299044878838e-01	-1.318850600963555220e+00
-2.700368705854110374e-01	5.846024396319312588e-01	2.468960130476031967e-01	4.264606361490658193e-01	1.361932089861067618e+00	9.010438301028776964e-01	-5.770403947185241966e-01	-4.735908070808331760e-01	-1.096314327526827892e+00	7.314084384135252637e-02
4.042032722643800757e-01	9.163035028165840146e-01	8.276306608489347738e-01	-2.210874962818828671e+00	-6.310510955516416276e-01	-2.029655574197740453e+00	7.178129249063811557e-01	-2.301999261513183737e-02	-1.644959941290457861e+00	1.628475666381586695e+00
-1.103683073301954476e+00	4.679888171120864526e-01	1.304040501415243192e+00	4.900613124388032982e-01	3.287894224294424239e-01	7.018544083607252126e-01	9.679436518834142467e-01	-1.219376324331512551e+00	-2.004081650619238264e+00	4.732556318897605530e-01
-5.132047837101484378e-01	-1.260292393601058769e-01	-2.776681440478318552e-01	1.453741019087020359e+00	-6.071447318955780492e-01	-9.245572017652002872e-01	-3.990671959129027946e-01	6.742616789014610479e-01	-1.247136976140175380e+00	-4.729244391701442618e-01
1.592321160365379296e+00	-1.712051256931148013e-01	-8.425751213010038709e-01	-5.834352583407835802e-01	-4.532414746561781449e-01	-1.330549505265970822e+00	1.063840910908142146e+00	-1.078924216357616053e-02	3.742251423681863254e-01	1.346635316186717946e+00
-1.187872120610422161e-01	3.128255921482910873e-01	-3.935364350816187851e-01	6.081778740779837378e-01	-1.522488570431353549e+00	-5.299438660068017670e-01	-1.602401550387000162e+00	-1.904244801618728000e-01	-7.851581213342238019e-01	-5.884053737557617403e-01
2.149654776515127486e-01	1.445248531743928089e+00	-1.416074262998184841e-01	-2.300866425488590661e+00	-2.195449508945873651e-01	2.196066714615063198e+00	-1.323238136987388236e+00	4.011990506034277676e-02	-1.859853602418421459e-01	-3.393544643930062055e-01
-8.680006113159465242e-01	-1.086942839651973136e+00	-1.051156365278182570e+00	7.755775184463398197e-02	-6.264630111511167998e-01	1.305869837286853796e+00	-3.360516951999432955e-02	-1.538599123894587528e+00	-4.034888889005665558e-01	6.314750731763700553e-02
9.413164616720033351e-01	1.629371994581919336e-01	-9.667202896441274840e-01	8.309423203336087083e-01	-4.337283244329436793e-01	8.944235798051223263e-01	-1.877303525380158433e-01	-3.932858745694144398e-01	5.416266607541349032e-01	6.255149008383963372e-01
2.169488234077545208e+00	8.840577104948234288e-02	7.908245551508908955e-01	1.713439530133916255e+00	-6.788075788972952607e-01	-9.412288276210064586e-01	1.866165214181867205e+00	-8.764193944703158046e-01	-2.004242009009912229e-01	7.599372401140763733e-01
-9.622150264132904862e-01	-1.484013893766189973e+00	-2.118281672619932721e-01	-7.360570442009341241e-02	-3.007163864460777325e-01	7.894249599105027659e-01	-1.744590033852470912e+00	-9.958955684387714724e-01	-1.430639171383832897e+00	1.504259198648852713e+00
-4.451262303094468131e-01	-8.307649675627188923e-01	-2.594403612438351825e-01	-9.708124569675559146e-01	-2.497273631990861276e+00	8.254527740734083352e-01	-2.512232800359701645e+00	-2.245119100965353720e-01	-6.358148766599448498e-01	-1.266482985474986833e+00
-1.098721842137973859e+00	-1.174251328783611603e+00	6.357580519413343900e-01	1.611608191164525250e+00	2.921076059415389503e-01	3.553934330223791627e-02	-1.232433548350651442e+00	-3.486774308582133997e-01	8.860357363108214424e-01	-1.434528826635011134e+00
-7.537302974309010306e-01	3.119615426675511061e-01	1.464506075737736834e+00	1.200507627540436051e+00	2.086235050736894581e-01	-2.266205222874742298e-01	-1.840277192227408376e+00	2.184754821349015885e-01	-2.541037590092078413e-01	9.291954204850296772e-01
-2.458732451535333985e-01	-4.248566725314363302e-01	-7.341032897452283434e-02	-7.371343876595656819e-02	1.202384300489099112e-01	2.206000882184966094e-01	-6.522752734838773714e-01	-1.555041608995696878e+00	-2.080507073368588422e+00	-4.886708764551829787e-01
-3.457707525896940304e-01	7.895147898621446281e-02	1.334274733901577248e+00	-2.489280364222580186e-02	-9.645354877766745272e-01	9.227262475971560463e-01	-1.955895443888763685e+00	-9.889725374905169453e-01	2.049348812371972528e+00	3.163009759726067571e-01
1.778988376420952866e+00	-3.383618600031283730e-02	2.373918272651815542e+00	-1.533336560112465996e+00	-8.041318193160588990e-02	-7.741386043731843802e-01	-9.737651633937178808e-01	-1.459440761177295487e+00	-6.722720297878808093e-01	-2.873237741696094139e-02
-5.362430930110678728e-01	1.338288729895575069e-01	-8.780735385694383721e-01	7.248074061222867792e-01	1.612445682647568601e+00	2.608302795102354632e-01	6.047282285397754809e-01	-5.474822632993001786e-02	-3.798970661437000018e-01	3.857333784245982611e-01
-7.237274218900490164e-01	4.103879444351712230e-02	1.124480932474550610e+00	8.201023939331930634e-01	-2.705559854252115870e-01	6.086796546673879371e-01	-3.546731688863725140e-01	3.676064303535750422e-01	-1.770218202564398213e+00	5.847055619152164985e-01
2.421727437936916638e-01	1.871986408535948554e+00	-8.884775084929351641e-01	-7.952199011971131659e-01	1.014563753352692554e+00	-2.888107301553494710e-01	-2.429960720821438269e-01	3.981137283170944063e-01	-1.139643107508503395e+00	-1.720895579735001735e-01
1.064891282764981462e+00	9.492336963426996066e-01	3.013763681008693407e+00	1.364234201383020206e+00	5.171437689226859868e-01	9.615234587621808160e-01	-2.732409387972704606e-01	-1.802071457434760271e+00	-6.953445894819639816e-01	2.498452855841338249e-01
-2.227045197446801128e-01	1.124182633186951108e+00	-1.294942198653948662e+00	1.317752208485844845e+00	8.035983558960826389e-01	-5.237610842642128617e-01	1.675587085019384359e-01	3.712445027671849584e-01	1.757795470554315065e+00	-1.408843598727172131e+00
1.988888025179738950e+00	9.989175612945108140e-01	-1.374625050311438557e+00	6.549559494590037056e-01	-9.149621032376582530e-01	-3.228118917999128756e-01	-2.604409990084330384e-01	9.441543123647859748e-01	-4.044984136994944635e-01	1.195529022826145260e+00
5.149355039105050214e-01	1.020563232410609311e+00	-9.981832489922295992e-02	-8.336563673611903091e-01	-3.396799140464999422e-01	8.453095877846600326e-01	1.379818637988879049e+00	-2.228153431851079558e-01	-9.633454112118970958e-01	-6.082090950946771324e-01
4.628663793750700250e-01	2.505386042195909102e+00	1.254185601640296355e+00	-5.648027259157032409e-01	4.084276737073723185e-01	-3.051332843658957072e-01	-3.998585913392567748e-01	6.552792068512321155e-02	1.176905532952211342e+00	-7.002995676566424743e-01
-2.283401048192090332e+00	-1.056080145549602584e-01	-1.508693230312541933e-01	-2.511495605680377219e-01	-6.124381233210319381e-02	-1.740990085662955433e+00	8.391293814447016164e-01	7.896047698657103764e-01	3.443461985488576182e-01	8.567604456223805176e-01
7.480125933892225465e-01	-1.515310016594182851e+00	4.970012551550283542e-01	-2.737377663371204917e-01	2.755563775927752021e-02	-5.473123493295664055e-01	-5.648016360197258834e-01	-4.587565577840218567e-01	-2.632332180534351362e-01	8.868165243743388881e-01
-1.130299454110878926e-01	-7.280187921607794710e-01	6.896690177860310689e-01	4.860426349834727489e-02	1.165977528308466793e+00	-1.439457269602457123e-01	-7.395322410009471867e-03	4.887162328125869148e-01	2.976341910549253345e-01	-1.034703542375948748e+00
-6.265612751377157563e-01	2.183065857956055233e-01	-2.846164701139293207e-01	-7.659830406304319883e-01	1.268939001429405300e+00	9.038151658767603625e-01	-1.800279740982066556e+00	2.830595757280946478e-01	-6.155465965557881391e-01	6.509379426346110220e-01
