4.241008125649265992e+00
3.179406046070043956e+00
-6.275757604051554139e+00
4.132638407236948197e+00
-1.719635784706105675e+00
2.913531479223668841e-01
7.705733463548616768e+00
-6.698546323525132351e+00
-6.742392276577193755e+00
-8.582107558824436211e+00
-1.791013143155634069e+01
2.781416749506739894e+00
-7.133982624530323058e+00
1.141489661566425440e+01
-2.514076550860067094e-01
2.202189674040246459e+00
3.283845172853558481e+00
2.246000126635312455e+00
5.130072111689602643e+00
1.376124868024324677e+01
-2.134162422080998489e+00
5.272461274675231735e+00
-5.669218456510618509e+00
-2.708803763664303865e+00
-6.943860937016707702e+00
2.335151434437503504e-01
3.917237965306248348e+00
-7.790365546754980386e+00
1.809291600178603687e+00
-5.676483350975189524e+00
2.264310639555274118e+00
6.628274133766265841e+00
-2.155550592379364971e+00
-2.496396983121484059e+00
-9.274120456974610960e+00
3.868927158605099059e+00
-4.791177898127282120e+00
-6.964902535223910007e+00
1.593564876562034272e+00
5.559892184798418846e+00
-3.762954624105367962e+00
-9.108985094534212124e-01
1.683056411629654692e+00
-8.551727226265118276e+00
-3.425922619031084526e+00
-7.378902121439077533e+00
-6.048103599258434215e-01
2.915746454552862410e+00
-6.159132774917539521e-01
4.415310105430187093e+00
-7.930075264091010823e+00
1.478775138026939118e+01
3.693401725743332698e+00
2.687346192928925070e+00
-4.073397421741117519e+00
-5.769772559569542381e+00
6.738541546995366893e-01
5.704552431866124707e+00
7.978256080559523511e+00
-1.683012326388422908e+00
-4.051616051096708304e+00
5.726222011335203810e+00
5.929771690026932163e+00
-1.001815214850556801e+00
-1.656197225860925570e+01
3.174696836190791238e+00
-2.687923601120965067e-01
1.969747147993991643e+00
1.731582769916746312e+00
-5.449822329468117843e+00
-1.416825801090311820e+01
3.070730998911858745e+00
-1.208260765351063171e+01
-4.243682092465604683e+00
4.907784069810642080e+00
1.035317458933366552e+01
-1.042887174603557199e+01
9.659739380334532166e-01
7.325817643353255804e+00
-2.232911094371576421e+00
-1.143947268078533241e+01
3.363607116565446642e+00
3.172638741933242024e+00
-1.496824768034197284e+01
-1.374231322847643710e+01
4.076398191191170639e+00
4.484702697195106502e+00
3.200653670883308877e+00
-8.160005040324769254e+00
-5.919741602797238933e+00
-3.030257839215700244e+00
8.422667451327114918e+00
-1.317873282984722172e+00
-6.509039151488959618e+00
5.232220667529787761e+00
-1.191571101348027240e+00
-4.609688020572611400e+00
6.610089526790851266e+00
-8.806980756227396512e+00
-8.654621069646204035e+00
5.848857542907957452e+00
3.022217397415514650e+00
7.009731367429624882e+00
-3.431744306869950467e-01
-4.154913533410447002e-01
-2.188467805338554228e+00
-9.382931590389556931e+00
1.438591813845734091e+00
5.470750628184700481e+00
1.075079025722927639e+01
1.391964477202648709e+00
-3.063171913618571995e+00
2.381530609501199880e+00
-1.054915977130090354e+01
-6.743204779260876247e-01
8.355970372548789271e+00
-2.207806262421535770e+00
-5.707295179267235508e-01
7.842644888114969959e+00
-6.302118785619321706e+00
5.561706462918930782e+00
3.320957707092532907e+00
-2.497256860235278708e+00
-1.104358939217491287e+00
1.004337756454408037e+00
-5.482611265845422466e+00
8.338061545336733715e+00
2.028031683703220178e+00
1.826744212826642455e+00
-1.450351402662803935e+00
-9.645328926461903762e+00
-2.738938680155047933e+00
4.003707341140578357e+00
-6.263809064923615999e+00
-1.034945632319242392e+01
5.804385696999071698e+00
4.705674367964689964e+00
-9.042896932481987449e+00
6.761882826931636004e+00
3.177461337608189496e+00
3.565770132271117276e+00
3.760508450479265186e+00
9.243601106275532331e+00
-8.558984694543125826e+00
-1.037990047834005480e+01
1.250386940552433757e+01
-1.157025549661014896e-01
-1.934161122806149935e+00
-2.130377853580881720e+00
3.106598584410905417e+00
4.872198158379346111e-01
-1.214236426518626999e+01
1.725931413217704158e+00
-8.160478701398716339e+00
-4.379938701664015888e+00
-5.357151049353721106e+00
1.076873759598923286e+00
-6.982516779772396376e-01
4.172565503070675419e+00
2.568751136169403537e+00
3.139605633670171869e+00
4.569545048833328238e+00
-9.308259462736681034e-01
-8.959617133753940976e-01
2.134932455084847192e+00
2.045818564723282762e+01
3.276151953901882408e-01
-3.170062009716581031e-01
-1.003987731396815342e+01
-3.369341400409538334e+00
6.634776785430029022e+00
2.787904942638386618e+00
3.197724921414661359e-01
8.458966036624808282e+00
2.013877718553076068e+00
-1.323619336076426123e+00
6.371127699040666226e-01
-6.708168723462557992e+00
3.764981633170724429e+00
3.836520176664583559e+00
-7.376417430049867718e+00
1.977683919289941361e+00
-1.246587723524736901e+01
-5.420528390829487009e+00
3.410079742332129626e+00
1.114732587667010577e+01
-5.635590250196290008e+00
-5.998004264648848505e+00
6.349070645493172016e+00
1.432030715968516610e+00
6.478203785112124358e+00
-6.400173412419640329e+00
6.752994180388837364e+00
2.278483292806282368e+00
-8.015422824555944459e+00
-4.345542147134963784e+00
7.507938877373785402e-01
2.585020437671898375e+00
-2.037319836282239560e+00
6.137219041840657141e+00
