6.709517763227863529e-01	-2.586467491730903845e-01	-2.819092398847889980e-01	9.109273847923158307e-01	-4.414528194207364420e-01	-1.427974813462736581e+00	1.361007051705533710e+00	-3.809713501779062872e-01	2.847711704744810279e-01	-1.886010444547153497e+00
1.451397437469104990e+00	-3.743844990724836674e-01	9.414215410282773810e-02	1.096675222380031567e+00	6.015451977402954675e-01	-2.402611907032654870e-01	1.124072453527576787e+00	-9.861271177492042517e-01	1.687887993791276964e+00	-1.509955972930954626e+00
1.702554021537084017e+00	1.603417851850437836e+00	1.407042951960968957e-01	2.594911893295830385e-01	3.565930794446434127e-01	8.214102849474508306e-01	-1.457075003563429449e+00	-6.257572955645313018e-01	-6.669633624735671340e-01	3.718351280095495981e-01
2.995065414733659725e-01	-1.255699961105137819e+00	1.085953976015258782e+00	-1.061765990523790837e+00	-5.647468666772066381e-01	1.996024277770714894e+00	6.649844019657166205e-01	5.666022013340791391e-02	6.445777989737220270e-01	-5.201054359404536642e-01
1.202573023054961388e+00	7.344470032134557957e-01	1.101109879112718959e+00	-1.073521904007855410e+00	6.466044003148354591e-01	-3.949493009668222920e-01	4.812025946089536488e-01	8.245804285033552228e-01	7.067045949494563661e-01	-6.511742244175185990e-01
2.484919549949680673e-01	-7.928448581001817930e-01	-3.011209330695348574e-01	5.404826784439418219e-01	6.933977282426768696e-01	-1.044213095093804666e+00	-9.770385840059045979e-01	-5.486419332491443424e-01	2.152459661573740413e-01	5.248990237626894872e-01
-2.574181046336209144e-01	-1.977603591312716569e-01	-1.193549975238157757e+00	-5.335576001398699697e-01	-6.080986918327569990e-01	8.719889469377997693e-02	2.291845949942080962e-01	-8.176886746292041375e-01	1.490325274486312468e+00	1.372878273934359343e-02
1.251128708397502676e+00	2.717142402617038210e-01	-7.390560357008867376e-01	-2.906916459970571687e+00	-6.038129514318346658e-01	-9.590086569195518384e-01	-5.120768810659737102e-02	-3.236851044236411568e+00	1.499704408321514748e+00	1.413366540074006417e-01
4.758956208001528521e-01	2.820722511137877309e+00	9.494414115868125004e-01	3.070571861008461467e-01	1.218575272535145082e-01	1.186667788750327190e+00	3.499327351913272821e-01	-3.933622744656400383e-01	-1.953173252956313499e+00	1.036488959089367778e+00
-1.759441151636446932e-01	-1.509864637098416784e+00	8.712885247912104392e-01	5.943643729294899591e-01	-5.046987693538609321e-01	5.779172533587266791e-01	-2.416004941590594035e-01	1.486498281227849994e+00	1.299780749690705006e+00	6.199338723244387506e-01
-7.395551893928614673e-01	3.517129444919595560e-01	7.961119702751416893e-01	-1.370938568483712761e+00	3.096601989298575774e-01	2.786393187728129495e-01	-9.293295382559411122e-01	8.119793460648869199e-02	1.797842934601070197e-01	-8.414151084571880324e-01
-4.660034667284279619e-01	6.441514792173643755e-01	9.561246144123423107e-01	1.094907215228108965e+00	1.386251133991072138e-01	-1.138396452114811552e+00	-1.027759817308439017e+00	-1.531566644621543127e-01	1.031861948787478500e+00	1.312739136946742935e+00
1.635736609101367423e+00	-3.122284599501252700e-01	8.077196190684020338e-02	-2.132974859675481338e-01	-8.958202190322466230e-01	9.566686145728418023e-01	-9.571958358347912865e-01	1.477418038368305764e+00	-2.853853585014465843e-01	-4.721270435901309820e-02
-3.333331036108713175e-01	2.184043021644369864e-01	-3.713504106089005607e-01	1.414475428976042837e+00	-3.222963023633410584e-01	3.606539688915044173e-01	5.581928110357353701e-01	4.540736812491146662e-02	-1.083668638684517127e+00	9.074938240002379253e-01
5.074038175932638062e-02	-1.531745999997595309e+00	-5.703208961420428921e-03	-6.416603842098300703e-01	-1.166919545258309432e+00	5.311523468998562425e-01	1.631569119944940249e+00	-1.319804831306828019e+00	6.418165168885444638e-01	-2.666039355518690646e-01
-1.249905330218963051e-01	1.083703067199856956e-01	3.852149441021736065e-01	2.077602815518852175e+00	-7.086544275270511006e-01	-2.988202338523608670e-02	6.440432881865666426e-01	2.083159139367652957e-01	5.197877005696109887e-01	-8.403047846290409573e-02
-9.549361525476944834e-01	-9.148479400149119867e-01	9.488091138943482994e-01	-2.382582175154366322e-01	1.981360181871368586e-01	-1.151421344697037830e+00	5.492072132042397775e-02	-7.664242722597104374e-01	-2.063646737829558209e+00	1.463924375459430660e+00
4.080404739582386697e-01	-3.852709584405348414e-02	-5.770039582814792123e-01	-4.295518734273933159e-01	4.080736789742214210e-01	1.225118025472602179e+00	7.533917416664872579e-01	-2.933022126932935958e-01	-1.242097872350590215e+00	1.332200216287308600e-02
-8.064441747307503627e-01	2.769375219883322969e-02	7.073877854838450663e-01	-9.986498866248917639e-02	-1.722025084359200209e+00	1.848711693119974298e+00	1.000273633031308451e+00	5.777575349688350848e-01	-9.740996278610656312e-01	2.753652299627505906e-01
6.334780820449608107e-01	-6.254344043510832174e-01	3.527637656515925535e+00	1.014093277814335919e-01	7.789117658127792110e-01	-1.906641690959685054e+00	9.972687587628086270e-01	9.460714244593274730e-03	-1.963838639865496741e-02	1.383610823369965104e+00
8.217154124124402825e-01	7.366973319917318186e-01	-1.959563466131724052e-01	-2.389567631081588317e-01	-2.135160657844434595e-01	5.504147371157602775e-01	-1.393765490898813075e+00	-2.167866884646763470e+00	-9.747177187212997529e-01	1.462401069942482687e-02
3.714709698774893432e-01	6.594794076615181355e-01	-2.045381370336982307e+00	-6.333372788702510414e-01	-5.716276771726616079e-01	-5.044999258433285894e-01	-1.596681039279442160e+00	-1.963267395269919557e+00	1.261786889429954206e+00	-9.452902061885856133e-01
-2.756178974606141807e+00	1.485131120505779334e+00	-6.284872137405941861e-02	4.831638025957514793e-01	2.169627606599809078e-01	1.553446040365431768e+00	-3.546077080527649805e-01	-1.423830001689841696e-01	-1.274847158190745011e-01	5.008380103192763277e-01
-4.532254886531694726e-01	1.236238771696400729e+00	-6.908590791213752302e-01	-1.896381914892251164e+00	-3.551799950405027939e-01	-8.517151308832763279e-01	-1.759374587394798295e-01	-3.296174773857301066e-01	-2.709787984431047403e-01	5.426316174046808688e-02
-1.178116512295308338e+00	9.414953470046609763e-01	2.009627885292627703e+00	-4.513181281925984223e-01	7.184554358553397746e-01	5.376662299851527882e-01	1.184537221921275751e+00	-5.668776625134298586e-01	7.519057750285547126e-01	2.698869386024602690e+00
3.656441284816044912e-01	8.580335490347658356e-02	6.940626318125320271e-01	1.325418756612325000e+00	-3.241672625844244093e-01	4.194113768516523622e-01	6.271588040215468896e-01	-6.208893519790608106e-01	-1.086525202231804349e-01	1.041223715485408485e+00
5.317821404445116640e-01	-9.899306093622137204e-02	7.611718244481699980e-01	-7.120312843543123993e-01	3.087432149346741941e-02	-5.067519309572685593e-01	-4.303635035501659489e-01	-6.142143087101629151e-01	-1.364715041079773705e+00	8.336169542183414771e-01
-4.085038919511626010e-01	7.788765704901494669e-01	-7.103824214659130165e-01	2.122734946377363041e+00	-8.516092632125855655e-01	-2.929168970806333427e-01	-4.274808556289278472e-01	-4.106841535669113474e-01	-9.429757951286138473e-02	6.656897592905508532e-01
-1.422754103322602770e+00	2.559128793878066577e-01	-8.400411630937229535e-02	1.009215736078646675e+00	-1.711648461327677229e+00	-7.238817829870889398e-01	-1.293989150969386159e+00	5.338376333565154619e-01	3.035225181466145727e+00	-1.571240249580359905e+00
-7.786608103435653794e-01	-2.269917198932112634e-01	-5.868134418186303769e-01	4.263534675811169739e-01	-5.507700314188901380e-01	-1.062640766099928833e-03	-5.653390201844760155e-01	2.175248266244052431e+00	2.700461768197979784e-01	3.139636469175843825e-01
1.695941630207732587e+00	4.757018396286524786e-01	4.452978046503450194e-01	1.058964628692707466e+00	-9.962480348843112676e-02	-6.723415050314145436e-01	6.729344859976298387e-01	-1.094445398780039685e-01	9.631099377663322469e-01	-1.470586216674029778e+00
3.532470167350539869e-01	1.143436228026021434e-01	-8.636301044357212742e-02	1.397368327441973257e+00	-4.450693313822015051e-01	-9.145761708538949208e-02	-1.791037164240091961e+00	4.132788376899615423e-01	1.374339120619435750e+00	6.142655564807503188e-01
9.015809622961698522e-02	-2.259299666996207101e+00	3.437725339162325811e-01	6.219874209273916765e-01	3.045808475727405096e-01	1.714129780151835980e-01	8.220681244414801414e-01	1.498449328673792380e-01	6.407684691727543180e-01	1.614186547738446775e-01
-7.247454598335696385e-01	-3.487163940960919528e-01	-7.693581467943653163e-01	9.537332631951523920e-01	1.125622902205018594e+00	5.226526589980693416e-01	4.407975266460988362e-01	-1.512051162612289001e-01	9.855074207793247387e-01	1.399761360595166981e-02
-1.113750975437253626e-01	1.242133568242649311e+00	5.752644955272704363e-01	1.173365176048379199e+00	8.815844581857620321e-01	6.725985335852716629e-01	-9.540300494991735825e-01	-5.542209032102087818e-01	6.970151728860790596e-01	1.870047975297319143e+00
-1.061028619075905066e+00	7.156254353551709801e-01	2.938073711978165803e-01	2.987494502720700051e-01	-3.763108769086062066e-01	-9.551212768453156698e-01	1.215418097275250964e-01	-1.138575342295560011e+00	1.183866549703588511e+00	2.099673679578787089e-01
1.775734642691734477e-01	-7.496546116613755917e-01	-1.385628467661577767e+00	-1.296310046770001168e-01	1.485398139440993193e+00	3.228939212644382217e-01	-1.417285792966003211e+00	2.176297321169983423e+00	1.168102901525336801e+00	-4.203810553298945041e-01
4.216576585976742897e-01	-1.444629675611413866e+00	2.529380181771702762e+00	5.674934482885775067e-01	2.919609431418876966e-01	1.376893736967574680e-02	-9.032280791780902818e-02	7.623849222451843932e-01	-6.183138940213781520e-01	-1.268889148054134219e-01
1.234633075124314194e+00	-1.061304920862529352e-02	2.395191247160494696e-01	-1.093805512421463177e+00	-1.821782369833921722e+00	8.313180291537111133e-01	-7.166198567236727046e-02	-2.019821025382469437e-01	6.055053993305858223e-02	-3.717463333550510285e-01
1.211876906021046169e-01	-6.118786499698422032e-01	4.061740092450660811e-01	-2.327547594829809441e+00	5.329518096478176314e-01	3.694629419600849451e-01	5.919942540611675685e-01	-7.134324917455873161e-01	-9.643111702018613007e-01	1.165683877496433762e+00
-1.707998104952296037e-01	-3.657683620255995915e-01	5.869810066497027981e-03	-4.938033147385963439e-01	9.818540053593564909e-02	1.093736240709379581e+00	-1.194326020083864154e-02	-6.292748377254296921e-01	-1.786288763337324559e+00	-7.793866513082392533e-01
1.307915483196558259e+00	-5.576953721122145380e-01	-1.477156402623237552e-01	-1.044305982933758870e+00	-8.607599684930862249e-01	6.199765998748024698e-01	3.118713006563443857e-01	9.431690953807464473e-01	-8.143012165716997375e-01	1.582154920401817044e+00
7.621595555080659112e-01	-1.822998645237428883e-01	-2.236852627995767062e-01	7.930398070285389345e-01	-8.391510821527151665e-01	-1.393674964744332501e+00	-8.054232914592722725e-01	1.223960546706062136e-01	4.935922433893988326e-01	-2.107999912184711777e-01
-6.208752800057102395e-01	3.648081307377152305e-01	7.413623055269320528e-01	-7.548341380920731147e-01	1.482367343837377449e+00	6.526375017815970736e-01	-8.815113266747082177e-01	7.988351257059188582e-01	1.232287147588537302e+00	1.757585952353533376e-01
-3.198012371136202403e-02	-5.648011530259113844e-01	9.678450033330063818e-01	-3.226696924115955434e-01	1.857930358277456895e+00	-2.233379760581573947e+00	4.716635907531073202e-01	7.313593294342364270e-01	2.320632316826502506e-01	3.517584497136245214e-01
1.474977889091312777e+00	-1.011890334291591698e+00	-6.722832867793042677e-01	7.013798673314584897e-02	-3.875778978613849124e-01	-7.557008163677267909e-01	-1.300988330700118434e+00	-6.652415155853873552e-01	-2.445563038598916050e-01	-4.773307669235438144e-01
8.097784606454165868e-01	-1.854547872456331792e+00	-5.874198882640190023e-02	-9.623435667204369159e-02	2.123680906589735795e-01	1.250229409972543948e+00	1.552807870700252946e-01	-3.547176753305110175e-01	-9.882409010527022364e-01	1.223106580493889428e+00
1.333038520958141904e+00	2.095972298389359445e-01	1.987003086726833179e-01	-2.084494879524023958e-01	1.020870076536315230e+00	1.931016767728618300e-01	5.366313131412695503e-01	1.093831149691423810e-01	1.460872061240858333e+00	4.710613618621821153e-01
3.768969755515073072e-01	-1.550150242076756280e-01	1.676964906097593300e+00	-2.863820944119061518e-01	7.413058375687351376e-01	9.179169272947267089e-02	1.386798162381021049e+00	3.663929108892851061e-01	-1.378799923029722097e+00	9.185877016776370363e-01
-8.969484989887842596e-01	6.943076529124987684e-02	2.613742334317118998e-01	-1.010230537996087197e+00	1.172845771953058724e+00	1.382596552043801497e+00	5.783780797571007604e-01	-4.317469798595423014e-01	-5.361588078580040717e-01	-7.872523584156030374e-01
1.247310265244158334e+00	-1.795442464102966262e+00	-1.031235589006463726e+00	1.102191046045068124e+00	7.670996146772354196e-01	-3.624364353763297464e-01	1.748120438179760594e+00	8.146160533120663239e-01	9.045988679051122361e-01	2.555868389782057215e-01
-6.401530940496619193e-02	-8.297928143903134934e-01	1.784855844502959865e+00	6.985301734905675630e-01	1.777185631928703824e-01	-9.858474032849848800e-01	-9.662218625810428119e-01	2.672670837910415265e-01	1.224981302513961756e+00	-1.394595277719057780e+00
-5.927610550507164122e-01	-3.842144449137032125e-01	-2.080548223405279895e+00	-1.165095758407787230e+00	-1.869232337651101750e+00	5.955076717776363049e-01	2.008311848669514177e+00	-4.070000702942827009e-01	-1.745587955101542077e+00	9.533983768107054946e-01
-2.496713349061981668e-01	2.036377731194916496e+00	-2.304631964090819718e-01	8.353729768138804523e-01	5.667159197545746929e-01	-2.756424989835987716e-01	4.755716879814774756e-01	-1.381857876168360588e-01	2.196575683548142255e+00	-2.087723865614472984e+00
-2.059741394808309867e+00	-8.014914082115389693e-01	-2.032253184287589054e+00	-2.449077055834061323e+00	9.316347172471398652e-01	-1.080254122162383146e+00	-5.149981727941493892e-01	2.514783622787586936e-01	-4.809413757618255514e-01	5.334974782101656876e-01
-8.465486654549217449e-02	3.961587079644471321e-01	1.391861423181242730e+00	-1.038236483602131832e+00	-1.123151373133920439e+00	-8.752886091752507536e-01	1.147818706857041571e+00	-7.639868569254627539e-01	6.238346526230011957e-01	-8.891358658173789120e-01
1.187150802933557348e+00	4.689391973664731039e-01	1.411972773475387966e+00	4.003363431531551941e-01	-3.270066533179482038e-01	3.163669289832348186e-01	-1.845840797997964744e+00	1.514560854779392729e+00	-1.479395115258202720e-01	-9.714457360900066174e-01
1.823808713387846669e+00	-2.005357719433026098e+00	5.584750390130569508e-01	-3.287163489898568547e-01	-4.611188574404546658e-01	-1.558857154378571752e-01	-6.575688262728510702e-01	1.821929439863789746e+00	-7.238051618812049171e-01	4.575805272830835713e-01
2.375901945266133408e-01	7.580667640692094755e-01	8.918476974166692495e-01	5.408193780949170915e-01	1.638427584718174845e+00	-2.358336910817145915e-01	-8.726711205796694459e-01	-3.848491656122993709e-01	-1.854302842932119277e-01	4.097437106422570363e-02
-1.896793648143601241e-01	1.212007985178663594e+00	-2.589264549163951545e-01	2.048191033259901817e-01	1.496477122574025431e+00	4.604761245408419135e-01	-3.411882871462779132e-01	-6.143637318677043213e-01	7.370589467158646935e-01	-2.030055741533566938e+00
-6.056639161723691434e-01	-1.851380345956530116e+00	-1.834794243168530736e-01	-3.428630020214713525e-01	-3.633527739277935265e+00	-4.256452702303879509e-01	-7.290224076320720448e-01	1.489708170290390488e+00	7.228180972835936968e-01	-1.584885264230942559e+00
5.919505695789296640e-01	-2.581503285652597679e-01	1.236562661244473837e-01	6.577727592327945461e-01	9.402941460572729060e-01	6.343201255307455710e-01	3.221179160082563442e-01	-9.778727444078161302e-01	1.324838866723865027e-01	-1.206795784029761398e+00
-6.557785841285590500e-01	1.346188822870841406e+00	1.379658043022848668e+00	8.965565438863548620e-01	-3.860779161647215352e-01	8.976569710739111807e-01	-1.016280702032598959e-01	-3.305611004669535835e-01	-2.564830925403623230e+00	1.603075848018891969e-01
1.047875757177822109e+00	1.863934078551178763e-01	-1.704142327053773387e-01	-1.132267829695126293e+00	1.221978914472320044e-01	1.106229637971197555e+00	4.693131274213518944e-01	2.297179773733544206e-01	9.270565588968190940e-02	-7.924532353044280164e-01
-5.062115556674247063e-01	-7.510126343814946814e-01	-1.701938690746130467e+00	-1.091352316847663317e+00	-1.468749435533655556e-01	-1.493912402666534689e+00	-7.486550320183680274e-01	-4.202555670384678366e-01	1.400604963326753383e-01	-2.193190541917764858e+00
5.964991272879613948e-01	9.043769859220809337e-01	-6.259808344454382834e-01	-1.131646556019944461e+00	-6.701645095880945924e-01	-2.983396373378838784e-01	1.471940321185766405e-02	4.649866904925388511e-02	-1.164658589817754608e+00	9.209409222013323904e-01
-9.891128238504550696e-01	4.739964230778297982e-01	1.245648608884663444e+00	-1.647285201136938326e+00	-2.422106851622781054e+00	-1.514798738860129168e-01	4.509667524966960994e-01	6.946118263249976277e-01	2.043523042509022281e-01	1.064850742892297752e+00
5.443772850227608373e-01	-9.766378502521312344e-01	-1.092771242374885432e+00	-3.527023860510276054e-01	-8.929550733727335821e-02	-1.230366474378238699e-02	2.495142087262361419e-01	-4.265506938498252465e-01	-8.861231412303778310e-01	-9.777791140334065600e-01
1.158821106352501129e+00	1.716465658480935685e+00	-1.584194659845926667e-01	6.523917519175562729e-01	-1.090855074680604941e+00	-3.219667473306050964e-01	4.915500600210954141e-01	1.072130524376140592e-01	7.447225207402461411e-01	-2.278349499215521323e+00
2.008963617826155235e-01	-3.500369224730517370e-01	1.461135680667640935e-01	1.461680765487795908e+00	7.263318654962092058e-01	7.465245679738337081e-01	6.195031393086242177e-01	-4.763633727401376805e-01	4.839709564141803089e-01	3.624611279882886672e-01
5.807847960783250052e-01	-9.127973211617307348e-01	-3.722526983343834583e-01	-7.130146438093638572e-01	-1.798631908894387232e-01	-3.291840550200598736e-01	-1.082650792459843719e-01	1.424813428933673798e+00	-6.843081116518403562e-01	-1.403545172070443714e+00
-2.940187209702901372e-01	5.143328556152675368e-01	3.677901601718651659e-01	-1.710093994715837118e+00	-4.245554353030510653e-01	1.952314553494467697e+00	6.903430814414382999e-01	2.867920176868062332e-01	1.312079679449349445e-01	-2.011471010897954853e-02
-1.503966259336952049e+00	5.773272191648488594e-01	-3.825717777020257344e-03	-7.438540724410487304e-01	1.022555380298001859e+00	1.406933282144649189e+00	-1.148770006921088438e+00	7.573894855825158423e-02	1.449809246949453012e+00	-2.961227327836948309e-01
-4.673304607892626583e-01	-5.640215450088693627e-01	3.020760292591292417e-01	-5.556467648751182153e-01	4.846444301246178865e-01	-8.980971396492188896e-01	1.870603850522434941e+00	4.831487641093493157e-02	6.449008630813052312e-01	5.711800311603639768e-01
6.575572214627349865e-01	-1.059936388170750643e+00	-6.362724361219477265e-01	-5.067396942583993757e-01	-6.987681418213429474e-01	3.911454941878240721e-01	9.738708756230030072e-01	-1.551361832036393551e+00	1.532671043783388587e+00	1.376331561229892753e+00
1.337366321904963073e-01	-2.529170982938846665e-02	2.864581572393010145e-01	-5.020087489608646703e-01	1.006011086047856162e+00	-1.917211379610263833e-01	-6.548435572671836846e-01	-4.672178182139901104e-01	3.808906587345034511e-02	9.543648039290059115e-01
3.131315453241927116e-02	1.072364843735706952e+00	-1.457646408268278293e+00	-3.873448216901808072e-01	-1.798204994972790294e+00	4.054466891215245949e-01	-2.690968998096696652e-01	-1.058587267758919204e+00	-6.192537194370812959e-01	8.179588311764909858e-02
2.195664510088715105e+00	1.217487087954128633e+00	4.743870187254716764e-01	4.733776671480163789e-02	-9.167084989697076303e-01	1.028543610408611197e+00	3.724514892547373668e-01	-1.104531544444647517e+00	3.523222773621864645e-01	3.681991951552999742e-01
1.321294234874725304e-01	-5.357495036760997476e-01	1.741507020474526712e-01	7.753821944920605835e-01	-1.225119387808130088e-02	2.744059390659732589e+00	1.784147910843883800e+00	-1.475366633670891048e+00	-6.970466122617120508e-01	5.021441683048109006e-01
8.965895654868578646e-01	1.144850760861780614e+00	-1.539064409130585509e-01	2.448244300795425321e+00	1.260894731762026266e+00	-3.483116958674870034e-01	5.871153636019282862e-01	-2.410033467303027699e+00	-5.821606120648015192e-01	-5.273250904496746827e-01
1.732658903793300453e+00	-2.159895805488619924e+00	1.794844166557165444e-01	6.776875886496168677e-01	3.003763929373129415e-01	2.987456002677111866e-01	7.850314785697508346e-02	-2.070153758398515786e-01	-1.290638145085298838e-01	-1.375960338452017817e+00
1.693551507790928487e-02	-1.527620505114870131e+00	-9.708334016804912592e-01	8.051249831060074136e-02	1.026553623598785103e+00	3.081027525277706403e-01	-7.096630243146924144e-01	3.232973542797706878e-01	-1.003735757428069864e+00	2.193854788149791346e-01
-8.244424758677686427e-01	-5.235618838819668941e-01	-6.892894010088213008e-01	9.173164120974250935e-01	7.915520620726479439e-01	-5.689732703974481609e-01	1.184701096674502935e-02	-1.897231488353845918e+00	1.235451125559527075e+00	-6.885410038626986820e-03
3.115592504548586050e-01	9.586886252734335701e-01	8.018326669517965577e-01	-1.021240599576690444e+00	-6.726625059536588402e-01	-1.087726047528937423e+00	1.222951289135509212e+00	-2.040057387569846614e-01	-6.625520588403862599e-01	1.651058107616714343e+00
-1.152981809344187480e+00	-4.179131057859471476e-01	3.398814558365761962e-01	-2.502205652277608716e-01	1.208229591973578154e+00	6.033234382835918064e-01	9.655319059611983112e-01	-5.183069958323036630e-01	4.735992330657932126e-01	-9.379083307878429698e-01
5.571002156448306986e-01	1.261823138478085804e+00	-1.017976950496933375e+00	-8.391335737541482098e-01	-2.517168078728605068e-02	-9.639774220444753683e-02	-9.542950604995779074e-01	1.349632394018712933e+00	4.844662430096144945e-01	-1.174734212317016802e+00
-8.623059411866914603e-01	1.452445174371391090e+00	4.218412658900921319e-01	-9.101869264712171281e-01	3.634164258337049258e-01	8.748567061996558314e-01	1.035559948684317444e+00	1.266483257692089692e+00	-5.426787061813751478e-01	-6.159441768049421784e-01
3.840286295117044668e-01	-5.052254017491946136e-01	-8.063079274821740583e-01	5.154960964699524251e-01	-6.069470922813472447e-01	1.136474597634097083e+00	9.979648266138690937e-02	-7.040053139557738149e-01	-3.758694756443143326e-01	-9.324771157325483228e-01
4.994206494224359694e-01	-8.113986926039528091e-01	1.486366397598605005e+00	-2.122268035082645277e+00	-1.245109467913158685e+00	-3.171741678234726858e-02	-6.862016690117357376e-01	-5.436294392528000508e-01	-1.258086279229366333e+00	1.189813142555459669e+00
-7.677780934505671340e-01	9.009616829204385446e-01	2.114954570816314661e+00	-5.598082465121366758e-01	-1.003390007475808199e+00	-3.824696461432380845e-01	-1.093169968731590114e+00	2.199793697780337565e-01	2.263930703080123397e-01	-9.271008410651653264e-01
-1.967435913084068511e-01	3.605456287041612917e-01	-2.046463645308065904e-01	2.633372607640701579e-01	4.273481828533682858e-01	1.040941739052592796e+00	1.463248711059081053e+00	-3.222547656731720167e-01	-7.570891405525989049e-01	1.186783399324155441e+00
-2.525821379301421699e-01	4.922595793568256828e-01	3.806064332624313762e-01	-1.219658013127708829e+00	-6.054136098352351780e-01	1.152906449270796108e+00	-1.392986722522567611e+00	9.987555961668334037e-01	6.064200612890584541e-01	5.275518730698084413e-01
9.586838722789791101e-01	-1.083865026023655087e+00	-1.753558045288633238e+00	2.680612938614425067e-01	1.003006111653037546e+00	8.428774170671442523e-01	-7.897339129970658567e-01	1.285295932861935331e+00	1.758658896882835110e-01	-1.680012463104804565e+00
7.198857396553598464e-01	2.208457862752024325e-01	9.574051490806766429e-01	1.652539344962072221e+00	-3.143590245170267417e-01	-2.370549503284152468e-02	-1.069992563870179936e+00	-3.617272772308051665e-01	-9.380209587071025590e-01	-2.092293478332747370e+00
-1.888196196270961913e+00	-1.381511513850227191e+00	9.340892536778061528e-01	-8.703206809887564788e-02	1.371942793511715886e+00	3.449944106095851337e-01	1.145022311200878162e+00	7.142802462832275046e-01	-7.401879752532964929e-01	-2.891865807535708432e-01
-2.762917668355139855e-01	1.615476259012953997e-01	6.871091439994357897e-01	1.512810779257412808e+00	-4.746316182326852373e-01	4.117589334676501900e-01	-3.419719996687337615e-01	5.725845374065396953e-01	-1.414586617674890689e+00	1.230389065433116214e+00
-6.494719203189639467e-01	-9.522529821473593170e-01	8.145533481283691035e-01	-1.435410503296271401e+00	-1.053706819615622514e+00	4.674935354930175868e-01	-2.999399015130583823e-01	-1.316665361656634836e+00	1.259524795159153499e+00	-1.998035175923657647e+00
-2.800203133914455633e-01	3.191615013506506893e-01	9.902779507980934148e-02	-2.064464896063705979e+00	2.468059658655466393e+00	1.011982908570930206e+00	6.781298316749584387e-01	-6.474581783805133384e-01	2.333667061029482959e-01	-2.873493700144395119e-02
-3.629120624607963252e-01	-4.989243840061608481e-01	5.170244209121314105e-01	-9.067340525572943344e-01	2.201254409174595306e-01	3.736695477396755338e-01	-8.366724212622362877e-01	-2.916987073565534550e-01	-1.681294144175506933e+00	-4.534417051065740556e-01
6.915610280874516791e-01	4.481750887141587869e-01	-4.841777700111197236e-01	-5.830715626905278448e-01	-5.374629909364884162e-01	1.393674681657047221e-01	-2.824999241514131176e-01	-1.514601822051767854e+00	-4.357671405972600720e-01	4.202923687908501904e-01
-7.572409437231474305e-01	-6.101228806005956073e-01	2.572433630329437060e-01	-1.072566509594342854e+00	7.330526809471588079e-01	9.428191969623559432e-01	-3.075935791587520729e-01	-4.690705579202322228e-01	-2.970153517116586595e-01	-5.165445090712094123e-01
-4.285453229381471218e-01	-2.076728940293732339e+00	-6.354450859640922156e-01	-5.705101227274356201e-01	1.340762353423807562e+00	-1.338443872554866132e-01	-5.391442709208195128e-01	-2.217046089665541397e-01	6.060381198116376877e-01	1.549123899603407573e+00
8.689135472161244600e-01	2.046072244152793637e-02	-1.446834340334685276e+00	-5.612377215553733256e-01	-3.481907237685671341e-01	-9.770264542471408520e-01	-1.475045320688081585e+00	4.604134092333442840e-01	3.214370020188386801e-01	-8.729847229396417996e-01
-9.339780200300962232e-01	8.943936423692327997e-01	-2.777465253717545379e-01	-6.064350697467413981e-02	1.047151769844484326e+00	3.932008147910811546e-01	-7.757695048329402709e-01	-1.762498834419915505e-01	-9.039289736836042533e-01	-1.461620957415542099e+00
6.035398842442312173e-01	6.733547261066499257e-01	-2.406534508870217526e-01	-1.923864554031092769e-04	-7.240675574857551311e-01	-2.105215092068320359e+00	-8.583524138225394617e-01	1.557537339975701762e+00	-1.052735381740101728e+00	-4.198670912612971207e-01
-2.726860310245502461e-01	2.542064996305501423e-01	6.205289456313183294e-01	-1.049738236026535709e+00	-6.729982174343148715e-01	-1.331274398027896710e+00	2.415980903614987352e-01	-5.140781893448282958e-01	1.967488427487452396e-01	-2.032953818189971729e-01
1.077535196201383938e+00	1.493692456808888513e+00	-2.452128331188072052e-01	-9.457586044130690262e-01	-9.149815311074464830e-02	7.047808558487170805e-01	5.514619534568429016e-01	-1.600503099197460866e-01	-6.303555546805873488e-01	3.302070421183628951e-02
1.407772051805301849e+00	2.469798823558694290e-01	2.816463254766228830e-01	-3.212824651133208698e-01	-3.934920854515518429e-01	9.057522395712446217e-01	-1.279872632805691524e+00	-4.013936335447882420e-01	-3.015209303683841213e+00	-8.612965834416957955e-01
7.461103526875023650e-02	-8.962184573134112098e-01	-3.112034926873796792e-01	5.677402121625146902e-01	-4.351605329378349096e-01	-1.873634134625291825e+00	-5.274497559188309204e-01	5.068508317347496517e-01	-6.180451248802254494e-01	-1.565064601253142840e+00
-1.118012357637935494e+00	-7.956282472586336807e-01	1.505769298137736634e+00	-5.902961674373790046e-01	2.819621268860637020e+00	-4.318739042357870872e-01	-3.946059347279753382e-01	-4.113710299228349743e-01	-1.171947230501483583e-01	6.653197094309994120e-02
-1.746379374848176402e+00	2.064598818234369415e-01	-1.088040765201147841e-01	1.087728679679749455e-01	-5.503851147718915593e-01	-8.964768683122353865e-01	-8.434033092461087344e-01	1.923196380180013376e-01	-7.492315197704988439e-01	9.098153879825137125e-01
-5.042643230560115430e-01	-3.689571165442163680e-01	4.685786658353599012e-03	8.209715376741304471e-01	-1.315705443727903434e+00	-1.708603917775268544e+00	7.611436034083854385e-02	-6.557344912754576871e-01	-4.009674736957700714e-01	7.488842866489502370e-01
7.936538669017795256e-01	9.095169141624761533e-01	-1.067607779565349357e+00	-5.290336554337253527e-02	-1.727526419175541061e+00	-1.100610615553364036e-01	4.874616705171782027e-01	-1.147039897269689135e+00	7.923802412984088939e-01	1.237291437200300770e+00
-2.456234774235706853e-01	1.992737676988822315e+00	-1.406773570200217760e+00	7.479138645748955039e-01	6.541802211266563027e-01	1.582510933039994239e+00	5.246952113840998022e-01	8.675192739455375168e-01	1.410556141425912902e+00	-1.956955613760373580e-01
-8.056061363905897554e-01	5.932761863776878086e-02	-8.890666842111182300e-01	-4.600231623261008540e-01	9.633688922142724653e-01	9.405662221522728128e-01	-1.395499167150596742e-01	-4.255661832312587767e-01	2.035489105427175649e-01	-1.651748061969130488e+00
-7.952777198468659048e-01	3.532460723037963990e-01	4.367290387753354208e-01	1.081848500616792608e+00	8.908782361596727650e-01	1.208305943670090477e+00	-1.262790340025859770e+00	-1.001743571054557691e+00	-1.180407991973497772e+00	-4.762769691050631193e-01
-1.331328244577003606e+00	-1.068139964635998806e+00	-3.206399463298263974e-01	1.414048589835116276e+00	3.585236947004589725e-01	-6.770826041337468792e-02	-4.198353350929333039e-01	-2.221276920673308231e-01	-3.233688912128510062e-01	-4.684834358473759508e-01
4.596933233507427552e-01	8.812035270297116085e-01	-8.518144761604287130e-01	-4.893117178959409119e-01	5.431552823761037763e-01	1.022506341174046901e-01	1.612079097234842551e-01	3.085695572221734961e-01	6.568162758305431392e-01	-8.947996461205643959e-01
-8.900235295126345259e-01	-1.582979144040095321e+00	4.491050390471182374e-01	-3.684740384137793479e-01	3.562968045794979166e-01	1.066108573231342588e-01	-1.258485054273976722e+00	-8.324943212030324613e-01	-4.622328924215202695e-01	3.541176210530723178e-01
9.602383934658337283e-01	-2.223227348513336366e-01	-1.291611548695280387e+00	1.046846892016161990e+00	-8.747642479278008310e-01	1.148096373291291217e+00	-1.079260100284436419e+00	1.148152257656833486e+00	-6.424517871802959412e-01	2.015071793669958866e-01
1.893164525583391766e-01	-1.606369087270970608e+00	-8.025683936164236532e-02	-1.680279243105319731e+00	-1.286838380097944157e+00	9.875931216346514052e-01	-1.138368325608317411e-02	-1.649249134147163343e+00	-6.337641879894924113e-01	9.514775309159920758e-01
4.048126462633652722e-01	1.655194582403036074e+00	7.581967879743957139e-01	3.396496591302902157e-01	1.180472039504073090e+00	-2.341744010258002828e-01	-6.200296060243878360e-01	-3.966480385684049703e-01	-1.072221003888393032e+00	-7.826356515906928157e-01
6.339769737603737632e-01	1.165340419246178261e+00	-5.432027349667520877e-01	-1.019334684427623872e+00	-2.584822858056080808e+00	-1.397928378007432082e+00	1.969325350384013851e-01	-6.054851698351084721e-01	6.840373753932218470e-01	-5.971053190281868650e-01
4.499913831907060291e-01	-7.225454557757782226e-01	6.352388480178661201e-01	-1.387484343870250214e+00	-7.351474892634850544e-01	2.760099206112698322e-02	1.310600543129596174e+00	2.581298107979473899e-01	-3.401784891239785225e-01	1.897696442104936099e-01
-5.839611444555844466e-01	8.884758476224002832e-01	7.730145180829252061e-01	-8.375832307040924629e-01	4.082532657359466133e-01	5.511621843912836161e-01	-1.379112099497470822e+00	-2.755468031967038378e+00	-4.997023269064795881e-01	5.007283675134133888e-02
3.798157464097399738e-01	-2.824437135645157526e-01	1.309031516678004492e-01	4.049419133757392597e-01	1.904467221767163487e-01	-1.410159235061124727e+00	-1.141620076984461024e-01	-2.791877983225508064e-01	4.747944699856229689e-02	-8.927893903336396875e-01
1.212512508493567953e+00	1.018605553671759312e+00	-8.413861840398715319e-01	9.415934054766259553e-01	-1.498238346292725121e+00	-5.797244475662854946e-01	2.226165680072146547e+00	-9.632396433597433250e-01	8.658745287689094683e-01	5.245123461046425906e-01
-3.307079799617544946e-01	-9.566522693067515126e-01	3.001513523218122259e-01	-1.058675495356949714e+00	-3.393324399455523999e-01	1.183844255337713341e-01	-7.713377214636282231e-01	-7.670052765292337815e-01	1.447360295844325684e+00	5.438159865561684736e-01
9.362757222026139026e-01	1.009981271436120043e+00	-6.682579447532138728e-01	1.008830648354900994e+00	-4.874761216767570793e-01	3.005821319119972648e-02	-1.884675303537195201e-01	-1.249802514862704106e+00	-6.442619971552386859e-01	-4.142262630615841656e-01
7.574206107793014509e-01	2.282996203707738092e-01	1.191899319479488906e+00	1.235807991041525833e+00	-1.287804377024807934e-01	8.625951673666786279e-01	1.276148064749911049e+00	4.480908457250817878e-01	6.091843222539405911e-02	1.539472606963365464e-01
6.395396648857984978e-01	-3.519159784633135168e-01	-4.580245263373945996e-01	-3.309686970845679976e-01	1.148457948870968970e+00	-1.841810922133277906e+00	-3.503785675223162199e-01	1.748756852324111766e-01	2.828033485175137848e-02	-1.444154886668719551e-01
-9.863717008516385831e-02	-1.247479495862811039e+00	-9.620472453558644998e-01	3.352665241714454791e-01	-2.686717704910300819e-01	-1.136077449880139589e+00	-2.040677812651547351e-01	3.029516084411836840e-01	5.283921124822482662e-01	-2.009408683351632696e+00
1.215099437914534675e-01	7.098697740202470907e-01	-1.087491292673095522e+00	9.949939489105031898e-01	-9.518034682280348546e-01	6.450472394969345435e-01	7.214033581626214664e-01	5.897005882501999974e-01	6.370200743220731932e-01	5.865245547400864679e-01
3.530709684767338596e-01	4.161094096612480420e-01	-5.374552818189749503e-01	6.906109298517647543e-01	1.662725006806997363e-01	1.855237890483021568e+00	-1.925590911365211433e+00	5.879559677449114341e-01	-4.442319090165292028e-01	2.793660815917524062e-02
7.187864756355605289e-01	-5.836479558106455467e-01	8.914091431248006847e-01	-3.546355719021641040e-01	-8.434589726248641339e-01	-7.782786022108209023e-01	9.388870720469033593e-02	-1.969782798916273614e-01	-3.643400885335727479e-01	-5.328014691833962146e-01
1.358469475532755766e+00	8.283490160528700352e-02	-1.120854103940839508e+00	2.523226888135303714e-01	-9.281282556668765116e-01	5.877948347523497263e-01	-1.732432596604312813e+00	1.590031011296612729e+00	9.926741325216240641e-01	9.885006584937121588e-01
-7.847215882240176077e-01	-5.186474103600950958e-01	1.251811480983857416e+00	-4.208681969632214193e-01	8.713919164515602223e-01	-1.797178479854387279e+00	5.419264988639950209e-01	1.142887704618736899e+00	6.954880563136539573e-01	5.591240114188982258e-01
2.393940669156955359e-01	-5.018434662336291874e-01	-2.605456028477641350e+00	1.101725105202251198e+00	5.157942170394163028e-01	-2.445267212753679531e-01	2.184219581049775538e-01	1.084942166830784149e+00	1.015016539858577094e+00	6.511134671068044000e-01
1.412622872250913098e+00	-2.929686086869676132e-01	-2.080543870480856539e-01	-1.786829699771772306e+00	1.748426805678026524e-02	7.252459856316682829e-02	-2.127275899940836101e+00	1.927342326232348801e+00	-2.052304511599390216e-02	-1.018146090059869557e+00
8.191144265778514955e-01	-1.153121660894011608e-01	-2.502173004092058672e-01	7.998053777750727122e-02	4.214784434270211766e-01	-3.575154511818349340e-02	5.243050350044481389e-01	1.868148720255124740e-01	5.896744900384279925e-02	-1.551835362328860990e+00
5.588086361951177805e-01	-4.843391555464905962e-01	-4.373226694768793665e-01	1.116962357948209084e+00	1.417393433289609428e+00	9.590813685942887190e-01	-1.733417077049773658e+00	4.680718813954408142e-01	-4.966815239877900301e-01	1.673460323030339758e+00
-3.629872936083438639e-01	2.215712556330932947e-01	1.603896054526164905e-01	1.612242519389030848e+00	-1.984657495203340005e+00	-2.388055180116171350e+00	1.829981314056702058e+00	-1.523080273933076434e+00	1.727892467438223001e+00	-1.168765775024370734e+00
-1.876002381510503580e+00	6.936306109647104590e-01	-6.753338428319958231e-01	-4.137470385788893923e-01	4.518700095163464270e-01	1.153947819335824798e+00	-6.947564805735837457e-01	3.859134979174540514e-01	6.411243687052077256e-01	2.476962992660246776e+00
4.244251096089721176e-01	-3.355326149002469949e-01	1.666280297674849420e+00	4.187170894271227684e-01	4.437596391255559936e-01	-8.890941767310166499e-01	-6.067103840659494596e-01	-1.218155527867744503e+00	-7.951605338132112788e-01	-2.371615167209606065e-02
2.071989253343472726e+00	-2.337635577860182057e-01	7.783658169285840867e-01	1.305027544913539117e+00	1.554597539299917286e-01	-1.075893575341930974e+00	5.181968411344819447e-01	5.330149035906590615e-01	-1.137579130364460234e+00	-1.814794945817823413e+00
-1.901368230041159679e-01	9.663774345621659045e-02	3.905820173584122479e-01	-8.313359502298072190e-01	1.377851408982054826e-01	-2.461429823026789698e+00	3.268586720935548140e+00	-7.945422775330341914e-01	3.114422339758153302e-01	6.706132955730413903e-01
2.320121769701297243e+00	2.336278720172539014e+00	1.799253858304269982e-01	4.950060810674767886e-01	4.429936041096029786e-01	-7.154864790346336656e-02	2.576770787611460389e-01	-1.072007607598596257e+00	-4.091751273792114674e-01	2.825460296639782931e-01
-2.118334347587355615e-01	-1.219773873077806936e+00	-8.287448228145398721e-01	6.933024444783653095e-01	-5.726358608453829824e-01	1.334822470666385152e+00	1.704889752923300028e+00	1.770015981881911116e-01	-2.807697712920348421e-01	-1.527792258574430573e+00
9.361765938411993337e-01	8.169311988154455140e-01	-9.198441887721633958e-02	-1.545587415357600580e+00	-1.045537942916873186e+00	4.399173191076799494e-01	1.506490338051822642e+00	-9.476463507723520419e-01	-5.361123684321330574e-01	-1.830175480357088214e+00
2.431717620412662817e-01	1.519112218314824014e+00	1.091689592123607833e+00	4.528673717424564482e-01	4.212689262702034587e-01	-6.795023878877366474e-01	1.658480685734339266e-01	-9.006135458829012119e-01	-1.133658189925133897e+00	-1.091649244603887237e+00
-1.204153371640109826e+00	-2.485703162928423193e+00	-3.702866816254077875e-01	7.344873511285922307e-02	-5.446533864188759511e-01	5.557255775138613130e-01	2.472461563871147794e-01	1.643659894364728702e+00	-2.152140438850862481e-01	8.892329306328809746e-02
-8.849440067708748137e-01	-7.688244528013998824e-01	8.234315237122337150e-01	1.306466705920728000e+00	8.454062010891577605e-01	-7.139883116271396046e-01	-5.230961707778368774e-01	-9.439285744888484819e-01	-1.096279574127048573e+00	7.512376059079454993e-02
-5.630754021498221018e-01	-1.298611960807680488e+00	-3.998427065384180940e-02	2.014781181247800479e+00	-7.824915748178213892e-01	5.111934507898052704e-01	-7.746672628614241773e-01	1.681278938514872423e-01	3.346169208521423410e-01	9.743518837048791292e-01
-3.572281977469897729e-01	3.485258866638816233e-01	-9.869671454496885543e-01	1.644174858284705554e+00	4.222473697225043732e-01	-1.067418082398002177e+00	1.511561156664284367e+00	1.732155986737372588e-01	1.300210386504137283e-02	4.966539646154405907e-01
8.108818039772230923e-01	-1.748122130001799057e+00	-5.782760553967152273e-01	-3.146341124286105018e-01	-7.771862285820073657e-01	-7.105693829411776630e-01	-3.824854443109742541e-01	-4.539098540426190209e-01	3.575805358564929093e-02	4.216555664897688599e-02
9.886986816371812550e-03	-1.161271266708723049e+00	3.687208182549195912e-01	7.925128658165158102e-01	4.470291352424218267e-01	-1.051485611372100726e+00	-8.966283351828652215e-01	1.841551157961372753e-01	-1.124982938415659772e+00	1.549929064843832638e+00
6.565821819745304433e-02	7.116701607536017882e-01	-1.169024110825893414e+00	-1.125500275428753083e+00	-8.473633477143620585e-01	1.359226576306761247e+00	7.383669363801079188e-02	-1.524705176956315134e+00	4.350069997830610657e-01	6.289129319073399893e-01
-5.793816469761220445e-01	1.128232334668440640e+00	-2.101682654312948095e+00	-4.876008791052567903e-01	6.005370172584744148e-01	-1.268473305761047332e+00	1.958441995501074562e-01	-3.469424296918324213e-01	-1.079540985553164134e+00	4.983520279473798165e-01
-8.208141980056865572e-02	-1.389002554877304951e-01	-4.139816734726715075e-01	-8.899922606311578832e-01	6.962345844649580062e-01	-6.658332048490405164e-01	2.802553161981833837e-02	-1.220032274522997451e+00	7.362018467864419602e-01	1.798216037735100192e+00
6.467453625968185849e-01	9.881298464378983348e-02	1.844636675979575147e-01	6.770311335186806057e-01	-4.311908616741556011e-01	8.967295159713153385e-01	-1.722555040421598072e-01	1.661358228997546149e+00	-5.629723900833554229e-01	4.778320174375041973e-01
2.090418615560536153e-01	1.772643746261835407e+00	-9.320970731067246273e-01	1.420298351032729667e-01	-4.695413416974912879e-01	-1.630614034296370640e+00	4.772989460664450734e-01	1.278709336140522623e+00	1.075945411478876679e+00	-3.978545017750655388e-01
2.646615546309491473e-01	-7.691568968492585867e-01	1.137773771368429498e+00	-2.391859604121089888e-01	-2.302953669653095559e-01	1.623468647757252636e+00	8.920128327678515934e-01	1.563257888691586661e+00	1.225072053688819607e-01	2.937095557060417361e-01
-2.978276571700296804e-01	1.533198101620321996e+00	-4.484381563307927587e-01	-6.834164077142985683e-01	1.241810069331129307e-01	3.241162927709107522e-01	-1.641040065920420066e+00	-4.443526526346142647e-01	-1.092481606869137645e+00	-1.179293507162789467e+00
4.645698682861262169e-02	-6.799959989268457017e-01	8.453390462578246334e-01	1.014185363385928351e+00	-9.373339131949345315e-01	-9.934077982205136159e-02	-2.972298131038435265e-02	-1.922820325876840319e-01	9.196781476910485809e-02	-1.518913332570460462e+00
4.838632659094102562e-01	5.642587117983931533e-01	-7.304363073857285116e-01	2.664157580084027255e-01	3.820580254171657697e-01	1.548255005941518769e+00	-8.285722732005552649e-01	-7.277769618404017482e-01	1.020523806336824046e+00	1.297171823261626056e+00
-7.693813639593147791e-01	-1.736119053740863505e+00	1.910434734706870918e-01	5.725322596540942666e-01	-2.352558894887549559e-02	-1.465632357674905573e-01	2.497534204562517346e-01	-1.146007339298569683e+00	-8.659822960309977447e-01	3.813124364141423084e-01
2.957816127784730353e-01	-3.669291456446726607e-01	-8.808847294880086665e-01	2.559805906488393568e+00	6.275705219851103189e-01	-3.468556174385823559e-02	-1.616138202105970312e-01	2.044698184871148072e+00	-8.512049823125190651e-01	1.005874398884273768e+00
-1.061848060745233857e+00	1.738166967868794544e+00	-1.379035420725175931e-01	-1.090581782509943976e+00	9.113483313993913093e-01	-1.180451226386973973e+00	9.787201953850750424e-01	-6.970177657114011438e-02	-9.098734654386102516e-01	-1.374172187931094413e+00
1.028511148075323067e+00	1.088969245373225814e+00	-1.069655917166962400e+00	2.332948061638132897e-01	3.336114175547294503e-02	-1.182874425319018347e-01	-1.579338352915223176e+00	8.654533819294414343e-01	4.118282378615316097e-01	-3.413867517317508149e-01
-6.442191332121269265e-02	1.518082035126180340e-01	1.172802885444055726e-01	1.183186106739322119e+00	-9.268315458066420653e-01	1.650322301854765028e+00	2.621141688459194818e-01	6.135331549460543155e-01	5.080768821255936540e-01	-6.334747228095582994e-02
4.087706365670991659e-01	2.908910216230385926e-01	7.898477234211209730e-01	1.658811307791276946e+00	-2.143166803274545895e+00	8.166855649232296344e-01	1.007933723083520139e+00	-1.002510039472277042e-01	2.225550327120033423e+00	9.639930064424139244e-01
-8.054474469809573822e-01	-2.148334933568625704e+00	-6.931910379067004468e-01	-1.238023708239665899e+00	3.234414456745515754e-01	1.029594525969532715e+00	-5.062130852277088033e-01	2.186457581262794547e-01	-3.179074873355778874e-01	1.089755341296215096e+00
2.423926026575785042e-01	4.343454779520955489e-01	8.443740123785269391e-01	2.567525367326091157e+00	-6.493035712957678784e-01	5.798753754612119282e-01	1.018148540704826521e+00	-1.383133643131051471e+00	1.018074559916795491e-01	8.117433952381166717e-01
9.846616245731377726e-01	-1.063783345209481812e+00	3.118798820368733349e-01	1.194512755722537456e+00	1.236687721761817738e+00	7.747994281632014646e-02	-2.695747247711886008e-01	3.454908599375016709e-01	1.683317026258474847e-01	7.370099874711405485e-01
1.795960813399211764e+00	-8.878132630818064142e-01	9.638311162134272081e-02	-1.604421470720494847e-01	-8.998406535990353117e-01	1.862083298137839904e-01	8.614388982424584507e-01	-1.100304980859485027e-01	-9.689965799921399503e-01	-1.607838617997143227e-01
-3.092205437923207789e-01	1.067810649268030154e+00	-1.529077775709496878e+00	-3.431793635461689029e-01	-1.571774999509277126e+00	5.011760760195896891e-01	1.336148022953485670e+00	-3.902932537105080479e-01	1.909191268056999458e-01	2.628566002870735385e+00
8.318236891133791167e-01	-2.313535538171014871e-01	4.881601089141099914e-01	-2.698835044279923601e-01	8.826148083621322415e-01	-9.923023615666307640e-01	-7.661252976655096025e-02	-2.091247880192878217e+00	6.944575759384578051e-01	1.010213840391448459e+00
5.953755213114053646e-01	-3.979639348270881394e-01	-2.778805524449684539e-01	-1.524386646306961302e+00	8.311394109375407346e-01	-1.360120723405707777e+00	2.921321151253456483e-01	2.462224590543349023e-01	4.724416289343715825e-01	-7.947263264043302744e-01
-1.220064435511492157e-01	-1.269556662506756028e+00	4.988525611882985156e-01	-4.457423400010697145e-01	1.753502632010922380e+00	-8.354301104001626843e-01	-3.791600029186384946e-01	1.335328081019162338e+00	1.448921372930496720e-01	-9.467882020628816120e-01
-8.558013993312062473e-01	-1.879130352240363303e-02	-1.922001774648545824e+00	-4.191932110732378147e-01	1.134667434459763591e+00	-2.996952871634959714e-01	-3.223502990366391985e-01	-3.542126560926937145e-02	5.084864959395307693e-01	6.565271471789076996e-01
6.969650903703520362e-01	9.965897705436399523e-01	-1.474983312067706942e-01	-6.008641284350828560e-01	9.832673490980804454e-01	-2.101685509175048150e+00	-5.786773611462558975e-02	7.916568814150257705e-01	-8.816735252993176397e-01	1.430402738976462862e+00
-5.526237106593118176e-01	1.623058289978035864e-03	1.270231449826882998e-02	-1.223608603064045841e-01	1.281070474289529304e-01	-3.723813603561238472e-01	-4.304733390233297929e-02	3.651947177762773222e-01	-2.680437771556746229e-01	3.367036113141944620e-01
-2.001576529353184419e+00	1.126389873534912267e+00	-5.296838572789892147e-02	-2.125635522034748703e+00	-1.342366992183445573e+00	1.112377602776047691e+00	-1.050064277119337586e+00	-1.307207589483831534e+00	-2.395527673780836420e+00	1.374451910480903871e-01
1.377422793610870944e+00	1.581866051806339324e-01	2.434837114532055313e+00	-6.451410262577482735e-01	1.907753888003201670e+00	3.871928316209402032e-01	2.146768912349880654e-01	-4.305262598131315843e-01	1.543960030280066675e+00	-1.452233995331953631e+00
2.164294899969985021e-03	9.445101215844654563e-01	4.053432882305339491e-01	6.679272556061034427e-01	-8.259405148283339645e-03	-4.129740133228080312e-01	-6.176684577763432715e-01	-2.641121401613400477e-01	-6.305285161800078253e-01	-1.680844049796920592e+00
-4.973419465778824433e-01	3.273147183534379223e-02	4.578484870254957428e-01	-3.500178391472886785e-01	-9.955672076391059999e-01	-1.493246732382969011e+00	-1.137289488253407921e+00	2.017141960422188074e+00	3.550496963118538254e-03	-4.435041623507128550e-02
-1.616908610681031977e+00	1.478961671481803797e-01	1.266056488194184482e+00	-1.086586556950893678e+00	-9.269395228772607520e-02	-8.582919613538932957e-01	-2.243511858098508338e-02	-7.473517417044724942e-01	1.510728453731462750e-01	-6.848292095358803344e-01
1.808351476055296003e-01	-1.213033090926930901e+00	-5.478370024131148375e-01	1.326074880076315299e-01	-1.633012566565021029e+00	-1.891409441345934805e-01	8.301414856025399747e-01	-2.182019286790590207e-01	9.839907830659861965e-01	-1.034232639091817174e-01
-5.893684669972429901e-01	8.326046647653483346e-01	5.440788490291101898e-01	-1.628428815963132381e+00	9.349879187828549210e-01	4.680075665121951611e-01	-4.353487636892153234e-01	-1.182112148621990294e-01	-4.213860336978471621e-01	7.840104745227205463e-02
1.925785832032611833e-01	4.774919446936437550e-01	5.575127567812202534e-01	-1.323077282977287883e+00	-9.775287402421123373e-01	4.329237504275977866e-01	-7.835235689882061871e-01	1.389841987004792889e-01	4.555753586937607014e-01	1.461473473527380440e+00
2.446460833906741961e+00	-7.831934937169992006e-01	-9.922002256853988955e-01	-5.641803267758503937e-01	4.020628228315468733e-01	1.545624090098169090e-01	-9.454823273406935957e-01	3.587861110091547512e-01	-7.592351613151353540e-01	-7.329758963104119340e-01
-9.990859007121566382e-02	-1.739346220745123572e+00	-1.220029942399265543e+00	-3.139348775400209735e-01	2.465150685333054037e-01	-4.700594724381484402e-01	-1.757986450792087485e+00	-7.628338074993835927e-03	-7.652126225984774432e-01	4.587064641925972519e-02
1.710603875584576938e+00	6.654822763495537030e-01	2.168399555603607975e+00	-5.773943704784757491e-01	7.736839733069007519e-01	-2.310558652359800957e-01	1.050572300202510467e+00	-3.545502355713429643e-01	-9.189706637070809148e-01	-5.112923529599274763e-01
4.983781555906885430e-01	7.256877995423939298e-01	-4.885843915523444547e-01	-1.632503187631768382e+00	-1.066830944331540687e+00	-1.353416666256421486e-01	7.374364716362561412e-01	1.166471110429566194e+00	9.076836090274738034e-01	8.336551502095037591e-01
1.082637649970172200e+00	-5.563234533084971539e-02	-2.531650906050439409e-02	7.010128170333173037e-01	-7.369594280522140384e-02	3.676965309043567220e-01	1.720662896800835007e-01	1.008194587209653825e+00	9.411399555089895452e-01	-7.397403539892591917e-01
-1.341670279954520595e+00	9.020865850408590347e-01	9.391672556378419801e-01	2.602424038507377357e+00	8.671451860685156499e-01	6.785152583025821915e-01	-1.731359891494004932e+00	1.648775269317912517e+00	-8.662184326923056954e-01	4.980494082911322562e-01
7.229379864234561914e-01	-2.194283062850323207e-01	-1.481486178837137402e+00	-5.888031826742853303e-01	-1.029419212341096124e+00	-1.888133841786211464e-01	9.698615522017898227e-01	3.223885285857306937e-01	-3.793139767198823731e-01	7.921494412281380182e-01
9.466097535955995124e-01	7.242300182030954048e-01	-9.418014395133228467e-01	-1.069381735395670968e-01	7.859533471785928871e-01	-2.525357241800726404e-01	1.207862762397858170e+00	-2.000404960271184307e-01	-5.005178991777934350e-01	1.210368142638781480e-01
1.481343038237147747e+00	1.317840019102711091e+00	-3.366219541932621961e+00	-6.665791976971413568e-01	-1.604621547726753361e+00	4.395286013334429032e-01	6.385406950286561800e-01	2.865660120074204342e-01	-2.303108920462921538e-01	1.088743074000122935e+00
1.862892421118667041e+00	9.261297879107324160e-01	-3.293017283171533749e-01	-1.727770507762683039e+00	-1.432216729806032873e+00	8.085882249763498564e-01	6.874150466555749572e-01	-3.198174912177674800e-01	-6.435256124029067326e-01	1.495284596128367560e-01
