1.133864496684428014e+00
8.342318597956850379e-01
5.127670206292286537e+00
-1.042155530041181599e+01
-5.809436912102402317e+00
2.489313832999978437e+00
-1.278973739306591861e+00
3.462332742212309578e-01
-1.223687784000420553e+00
-4.142493660989840620e+00
-6.456887282678557938e+00
8.540804927160671411e+00
-1.013454117677094857e+01
5.738434103989433765e-01
-6.684424140637634792e-02
7.310441425111398495e+00
1.608694794633900749e+00
-3.444317718210307966e+00
-9.999759090863630462e+00
-6.244873454725276218e+00
4.211430815385696746e+00
7.664240904023343681e+00
5.859965429279026417e+00
3.933631092556666431e+00
-3.050118986864199577e+00
-7.552651869246643557e+00
-1.597887172126725375e+00
8.580350832303992092e+00
-1.826234515283557069e+00
-1.951886384421163800e+00
7.561673834854589771e-01
6.049237412701549133e+00
-5.200270579277021632e+00
-1.736686288083872931e-01
5.786222005641100452e+00
1.501251028045695257e+01
3.453068843591671211e+00
-3.465851935222421520e+00
-8.047763834380681658e+00
-2.021623474203715798e+00
-2.791787910356486435e+00
-7.937789278439645102e+00
1.774095486916226427e+00
-4.508022221004569730e+00
5.194186810130291931e+00
4.866119174031252825e+00
-1.669628949280154373e+00
2.283850896703106592e+00
1.953959911575851471e+00
1.672725898064547856e+00
-6.261498778725375303e+00
1.068658464883090353e+00
1.984497204791218827e+00
6.093095501543141168e+00
7.528747118548190898e+00
-3.375143585195278906e+00
-9.698597974628686558e+00
-4.190668444924757097e+00
-1.346854591295979731e+00
1.045653711266181141e+01
-1.400142768693227247e+01
-1.971318824544096238e+00
3.111535590478031743e-02
-5.291235125959119046e+00
-1.293965736276686318e+00
4.501458683586698761e+00
-1.184763666430212403e+01
-8.545271473794382455e-01
-7.348830854093097997e-01
8.807368191323131867e+00
-8.674052093627864224e-01
-1.258182719203330890e+01
2.429414734817219035e+00
-3.980787684082656597e+00
2.076469240458032051e+00
9.432424860286308110e-01
2.621897593894284562e+00
-4.624677827349256809e+00
3.864573988930834147e+00
1.441489676264197328e+01
9.331924694909528029e-01
5.404658597949865140e+00
7.583242004966823657e+00
2.727033897049036426e+00
-1.703564005922023616e+00
-1.017743656893003834e+00
-1.020285191342084907e+01
-1.333561517576042466e+00
-9.376773315046227353e+00
-3.562754110790917750e+00
9.180858069827719792e-01
-6.524293205536816131e+00
-3.070895329677062247e+00
-1.330435723764814337e+00
-4.979359353751177331e+00
-3.437986995601133522e+00
-1.335003095578665011e+01
-3.297713823932143296e+00
-2.270374116077146454e+00
4.189460463342829399e+00
-5.370921767021476612e+00
1.900149392174650842e+00
-4.531315729616156585e-01
7.753599443032908489e+00
2.567666979141262296e+00
6.705008512236827478e+00
2.201486927340239319e+00
1.621086240932740452e+00
2.267540435516928632e+00
1.386359005327980398e+00
7.562893965096479931e-01
1.823877207734101447e-01
5.406983644977536585e-01
3.374841452234802475e+00
1.301827254342123208e+00
9.833386956093644216e+00
2.840036222940870214e+00
-4.573283649994667854e+00
4.655819301546639810e-01
-2.965789593700393301e+00
-3.352720934167144229e+00
4.695093412541335276e+00
-4.161253617472607580e+00
-9.534328653840400847e+00
2.985699535638435709e+00
4.770815863169211468e+00
4.904585630318945455e+00
1.456462260100169104e+00
6.150201801033497340e+00
-4.874359484895791184e+00
-4.456404151905424271e-02
-1.998882177262296000e+00
-5.328959440574840833e+00
-4.064538652003490959e+00
-9.697895407668013945e+00
-9.421624166627724506e+00
-5.045207642296547501e-01
3.192175269740972876e+00
-6.622699689703276604e+00
-2.130765656774831207e+00
1.091498207946456844e+01
6.236409427859833876e+00
2.435207035613294213e+00
-1.466510611820679877e+00
-1.062127925655224736e+00
1.869543831379838261e+00
3.470509766204838087e+00
-8.052209326643328779e+00
-5.303771505702256306e+00
-1.120898402641948177e+00
-5.718515553092141879e+00
9.812365758191880616e+00
1.464272818423632661e+00
6.402064558410737405e+00
-8.255964428447427617e-01
7.658504504236563371e+00
1.889942517377887876e+00
1.814754034820807505e+01
6.115226083830607173e+00
9.445358867544939585e-01
-1.172795468341321090e+00
-1.417613339727546773e+01
6.139621939491831881e+00
3.630622175462355550e+00
1.078436094748020935e+00
3.888872485860137118e+00
5.104314197233369654e+00
1.794994796071267551e+00
-2.341368293461815853e+00
1.494404896268086702e-01
-8.894067794410450034e+00
5.589299703315813161e-01
5.154376269530086319e+00
-5.096612906825570555e-01
-4.971685340469685244e+00
5.383226140393960080e+00
1.206410462877493650e+01
-6.500814525017578616e-01
4.223722125290294116e+00
8.515756493911913694e+00
6.772125901811844706e+00
9.072008605398168557e-01
7.868587697938852266e+00
-1.477327307036972037e+01
3.045936782213245042e+00
-8.230890062350141534e+00
-2.180901645492554053e+00
-4.998345128094602963e+00
-1.882862977839685481e-01
-7.914367401760458165e+00
-3.604305974309401250e+00
8.436098808034463659e+00
-2.178840606092514953e+00
-1.174969794505866183e+01
2.618395062777993942e-01
2.948848542544651785e+00
-1.554904599110043417e+00
3.459318720392065227e+00
-2.787225031512842843e+00
-5.300809995231270833e+00
