-1.665697275926413701e+00	-4.589169888483616844e-01	1.040579783061344354e+00	-1.422635684088225938e+00	-6.032294280777509288e-01	-3.335451273022836394e-01	-1.757381189168525149e+00	-1.563384526850978062e+00	-2.547199821201966419e+00	1.720484633263546018e-02
3.671654958758364118e-01	2.048323159556010575e-01	-2.121556999413402866e-01	-5.101510238163574629e-01	-2.597719633952723650e-01	-5.210908579789345074e-01	-4.974849944348158637e-01	-1.035777029574256547e+00	-4.255698382103137445e-01	1.807237136461300464e+00
5.274420652887944205e-02	-6.049596972784139215e-01	-5.866744326620021432e-01	-9.554007316406885053e-01	4.237173275984633669e-01	-2.937906183303146471e-02	1.909180497744005500e-01	2.781935204730293099e-01	-1.292400509576996148e+00	-7.031369551093953341e-01
2.107996625039163074e+00	8.036302840043201001e-02	-5.385366071456390014e-01	-1.000448390926952230e-02	4.383569328502457951e-01	1.501009369440589603e-01	3.944158227225132429e-01	-1.206278253008368662e+00	-6.618736227581742959e-01	1.189492415760786237e+00
1.198770163355239893e+00	-6.944502886320912116e-02	1.568304149292659710e-01	2.293186378951860838e-01	1.486084934006690339e-01	-1.976967569684253023e+00	-1.035649862821678591e+00	-4.961028086152429184e-01	8.000006535455362888e-01	9.373588408215249856e-02
-1.445895661039481084e+00	-1.243407288087010398e+00	9.158765570056160987e-01	2.059013018859923716e-01	-1.307695590529881456e-02	-4.104090882153068054e-01	-7.017601760287388579e-01	2.262623493988986587e-02	4.555332837113814648e-01	-6.147148928527345069e-01
8.264273503108575669e-01	5.990705834349090431e-01	3.238600959640795529e-01	8.962633869229018613e-01	-2.765428661614506289e-01	8.117314882603590132e-01	-3.244710246147156085e-01	3.700877351057024200e-01	1.040420019292537246e+00	4.335412989395194261e-01
1.204551270010993713e+00	2.808758992299286383e+00	3.296827140733580852e-01	1.007609945433430187e+00	-1.764611623429350962e+00	-1.553090485246698904e+00	-2.315396018527453581e+00	-8.954471814898931070e-01	1.144761401605122630e+00	-1.542960680249112204e-01
1.739414893217230973e-01	9.572067447044634303e-01	5.613198371282427379e-01	1.001672157264398733e+00	1.090299191220091446e+00	-3.525479955266854759e-01	1.415870253893624309e+00	-1.315317309036240445e+00	-1.625112697222795388e+00	-1.399717430271687268e+00
2.516104171574518489e+00	-1.227851289856964012e+00	1.400453594118070688e+00	-5.932628128485941676e-01	-1.617413000566608972e+00	-2.050650236176614905e-01	4.001444077154876072e-02	1.034461623972747324e+00	-3.765925201875989364e-02	2.399658278429686598e-02
7.617394187221920854e-01	-3.381479371739556927e-02	-5.737851175298822604e-01	-1.607922851848767321e-01	-3.967370146756381000e-01	3.455116285362115902e-01	1.253978476307887613e+00	-1.092819369587140210e+00	-1.545905645942581508e+00	-3.697108172039859086e-01
-4.164681480151805615e-01	9.534757877147954641e-01	-2.029283523862290273e-01	-1.177342315872542899e+00	5.162954436261310565e-02	-9.800289785151738986e-01	-4.353299561124879258e-01	-1.862660730007571486e-01	1.548375397458003455e+00	1.472413868284285554e+00
-1.672591968251543104e+00	-2.735985278888653505e-01	8.632946873258554588e-01	-2.631385370252007139e+00	-1.341813198103923854e+00	3.915898608062350905e-01	5.765477658644437842e-01	7.089038037376363399e-02	3.864070813445103503e-01	-1.198029395870463309e+00
-3.069105284691428515e-01	-1.541344558558136457e-01	1.276463234726206819e+00	5.765145278766041492e-02	1.666631633842998284e+00	-1.056306961856950943e+00	6.423482116461470826e-01	6.762716445100727114e-01	5.557690794039935045e-02	-4.631125986258707306e-01
1.134539202005674374e+00	-2.658237359813003797e-01	-3.634873453323393400e-01	-4.905218443446038301e-01	-1.208317542542403755e+00	-7.043802789778736972e-01	-9.888546389439513140e-01	6.709162149611532788e-01	1.677327355579907309e+00	7.193530123656768360e-01
-2.022571310544606649e-01	7.171451493630968121e-01	4.963385010999473157e-01	3.286271854012472460e-01	9.233487730863846332e-01	6.143698701132176421e-01	-2.149959974323208955e-01	-2.614704451447271705e-01	4.234442895862449707e-01	3.180945206198452779e-01
-4.395380816424189763e-01	-4.077308875964891222e-01	-2.022495924692122582e-01	-9.565136288046647284e-01	1.390492670853419765e+00	-1.209245509804773633e+00	2.220743968083172259e-01	-1.080184784087711680e+00	-9.030061108941040970e-01	-3.206841541503423904e-02
-1.279930505552776820e-01	1.796087212546801704e+00	4.026699864959081276e-01	-7.181489171831857421e-01	-1.398176213423418801e+00	-1.452764595919171065e+00	4.014132990435615445e-01	-1.493514215065876005e+00	-3.117243865647866263e-01	-7.583244592017364116e-01
-7.533329686940604120e-01	-1.046793928288256348e+00	-5.113241657643927685e-01	-1.992729782509417846e-01	3.599505468284719956e-01	-2.083502182764762622e+00	-1.038268513335612875e+00	5.308111808213475946e-01	-2.563304925091286490e-01	-6.287544349529041732e-01
-3.689229270888327306e-01	4.129344951293499322e-01	-6.260590614623027239e-01	-7.306766348419638235e-02	-9.837741817107037521e-04	1.192929021367334697e+00	1.441465081612554266e+00	-8.906875474161852768e-01	-7.957621682920416883e-02	2.363116194269715420e-01
-6.306889870436040990e-01	-7.900686675493209243e-01	-5.990538457348345558e-01	4.344225446328132678e-01	5.399386283684824983e-01	-1.677172942877273309e-01	1.658938866777390220e-01	-4.645850420660024849e-02	-7.548923802194336917e-03	-1.142060667167640986e+00
-2.156021352419899451e+00	5.011262182247400165e-01	-5.797201074142439570e-01	9.034586418309870082e-01	-7.719908383171943944e-01	2.813163406429622371e-01	8.441229504798872796e-01	-6.232788865678710044e-01	-4.021308102200031320e-01	-5.005445087910986857e-01
1.274254910306563460e+00	-1.119023950805052847e-01	2.848938866104796519e-01	-1.478895378000117500e+00	1.732877497109567955e+00	6.326019433263024849e-01	1.626681496447507924e-01	2.612784652700010479e+00	-7.532285946772855345e-01	2.866994086443280243e-01
-3.432476793469156351e-01	6.155775340602424039e-01	-1.108221178146918895e+00	1.926880216764122578e+00	-4.460196346492232844e-01	2.660912624332719550e-02	1.343813162998671318e-01	5.644350955786555657e-01	-5.913818862496247331e-01	-5.055105736465750343e-01
8.021775675661022564e-01	1.928154460819890614e+00	-3.993766849032578392e-01	2.066445389733262764e-02	7.883074779698537871e-01	1.427630348006868166e+00	2.554440388065156720e-01	3.379638931383167066e-01	-9.031881213255545937e-01	-7.258820585539579318e-01
3.101189473796571172e-01	-1.948952106114769878e+00	8.554972508381105678e-01	4.417827542501397420e-01	7.313013819262974557e-01	6.090314802915107739e-01	1.687493747884891704e-01	1.433201939831348248e+00	-8.257245725003932169e-01	1.587907438554465589e+00
1.145487610464370309e+00	1.520507557810272914e+00	1.331031885140227855e+00	-2.441368129883230154e-01	-1.151384873380175256e+00	1.083095707382895956e+00	2.071445662721545233e-01	1.879158808760723165e+00	-7.437047613172435845e-02	-7.242277101500464997e-01
-4.052151638420400936e-02	-1.723830870776717483e-01	5.979000954842896703e-02	-5.562258456817539276e-01	3.174940148877967716e-01	5.020267374955160733e-01	-7.491785277649101737e-02	-3.333534707036980849e-01	5.669067240475484937e-01	-9.184602747979971893e-01
-4.549828584143875143e-01	1.009838527858102797e+00	-1.523192267955700840e+00	5.299745763344263505e-01	-1.265761594813195334e-01	1.121288315997323037e+00	1.617874445358014612e-01	5.181888845725505233e-01	-1.151594788407210412e+00	3.913097527127440967e-01
-1.199169401702976784e-01	1.365662976443862364e+00	6.630639056250624552e-01	2.120522439206890208e+00	4.952783101485384171e-02	-7.937311634719425302e-02	1.481730622192344304e+00	-6.392277403313642026e-01	1.328238383147886781e+00	-6.168080219224063576e-01
-2.091333552111338978e+00	1.292272006827088537e+00	8.603363312143698094e-01	-1.713002984957139319e+00	-1.839917952223442954e-01	-2.179640749352651508e+00	2.443935047539607386e-01	8.320138586578581519e-01	3.714206608804585669e-02	-3.172396037397235552e-02
-1.102236191483579653e+00	-2.285986822968839594e+00	7.080730463387809037e-02	4.287700547341449786e-01	3.705015519417793057e-01	6.930937333810175405e-01	7.721201796252589178e-01	6.867949146696853413e-01	3.995254177035957588e-02	1.347451619212319263e-01
-1.389355872912630518e+00	2.012546123589159242e-01	6.667994594966658584e-01	1.695951252879052407e-01	8.772392231172249089e-01	1.681589582874806199e+00	-6.106678253296199399e-01	6.378194284348503995e-01	-2.037258353271122480e-01	3.058144213464810690e-01
2.941302351823489869e-01	-5.411265852360063189e-01	-1.264484218143379968e+00	6.471716511877213529e-01	-8.984544075866184309e-01	1.614843735140632841e+00	1.823787484489905575e+00	2.624435942061860150e-01	1.359177551128546713e-01	5.334268215614886011e-02
7.313395633319982325e-01	-3.940488152688448875e-01	-7.805760196705642251e-01	8.791696155062002083e-01	-2.878245803167739369e-01	-7.152658477383960767e-01	-4.682777289835665102e-01	5.970774859209927038e-02	-1.402753220510387422e+00	-3.590162666021376459e-01
3.523749808476920320e-01	-1.255921865510338575e+00	1.398953612397333623e+00	-1.988684877312254740e+00	-1.569291845353889547e+00	-7.143216777394315598e-01	4.270044355352818899e-01	-9.767031384383373371e-01	-2.184741561822470257e-01	3.921124315813275807e-01
-1.590716866499927606e+00	1.424636429848323838e-01	-2.841559755485091876e-01	-1.427324270187527944e+00	-8.577063318370233835e-01	8.122849664479139253e-01	3.144745461101788875e-01	1.022224057237243744e-01	5.923937560327443078e-03	2.151359623980514169e+00
-1.607712765174991454e-01	7.800590642536946451e-01	-4.382002551127172074e-01	-9.862269235416303292e-01	-7.168004701622323616e-01	7.031881192011807391e-01	-1.004839367208105516e+00	2.488074519040621269e+00	-9.717039061840677672e-01	4.435161751521860540e-01
-6.650137714041888248e-01	-5.714291959078632993e-02	-1.243023398798653867e+00	7.472048926186057871e-01	1.599854970358196016e-01	6.493587767970468994e-01	-1.193973636634323571e-01	4.036607614025450319e-01	-9.064620504395399792e-01	-1.821812846914685480e-01
-1.019442514896316876e+00	1.277530679833905225e+00	9.362801158818585823e-02	7.217939902422102483e-01	-6.340893545347023319e-02	4.476196650380412367e-01	-1.079424618362649468e+00	-1.241202074153099799e+00	4.232583363700761492e-01	-7.323446590672899603e-01
1.312618805700295210e+00	-7.220052099035675908e-02	-1.478276170776779752e+00	-8.121627446465883304e-01	1.426074893007539058e-03	-8.717242113941267023e-01	3.795881827130753172e-01	3.530260366532846361e-01	-1.312743909613851789e+00	6.250911941000831806e-01
-5.895048101678205255e-01	3.900433462115223682e-01	1.744947021271384957e-01	1.902839926335899490e+00	-8.707376488405992321e-01	1.400891183776824755e+00	-1.136574470881706933e+00	-1.678210603617697583e+00	1.831620619926955351e+00	8.948265678828386527e-01
-5.185781593216544083e-01	9.219401921354556384e-01	5.948673784237722417e-01	2.289560394265147403e-01	3.416261969395609222e-01	1.274788808640556548e+00	4.285428543459396944e-01	-7.431189734240336575e-01	-3.198766260975905440e-01	-1.823827796027384096e-01
3.825967688545678924e-01	3.857279132475818773e-01	6.257842722335852370e-01	-1.431105247723781781e+00	-1.347589647118768497e+00	6.895378121444384334e-01	5.871285569404981891e-02	2.594019690362012742e-01	2.357431994030280364e+00	7.964033188584753731e-01
6.596715984225817730e-02	-1.296909922008260940e+00	-1.181196152104783792e+00	3.122869433639957615e-01	4.294745476894141767e-01	-1.625092953896942471e-01	2.032543109932893444e+00	1.830091022701026082e+00	-1.994688781978631031e-01	2.429277877080605830e+00
1.612605547449008192e+00	3.412488980873172872e-01	3.795589891908867641e-01	-5.966317611808681365e-01	7.071234984973061577e-01	-1.506912847369620279e-01	2.080219430188591012e+00	8.150366180190459220e-01	5.024677419314261817e-01	4.582687378546816959e-01
-3.417397414294900404e-01	5.151543460648917439e-01	-2.327120330674924187e+00	7.076361056470827915e-01	-1.739265115043902243e+00	1.490449766081863192e+00	2.966954217109054465e-02	-1.335224905354080116e+00	1.700525177845485292e+00	-3.491584782572040302e-01
6.480586448981813241e-01	-1.024413842481364662e-01	-5.663301076793456623e-01	-1.393003717672614439e+00	-3.015435194251766537e-01	-1.034171829670688103e+00	1.543908590796922331e+00	-8.354678992454840358e-01	8.126754901241456386e-01	-2.307929229759978718e+00
-3.092537046354417729e-01	1.307531588778026443e-01	-4.570854732090930406e-01	-7.273352909960768553e-01	3.137311819615521413e-01	-2.498883465943481763e+00	1.245500238104345625e+00	6.709550384880007545e-01	-1.545061651867986330e-01	-3.509456063744245125e-01
1.294700783406904199e+00	-9.537372100696113186e-01	5.368160724555028906e-01	5.997108718402360816e-01	9.605885149569963755e-01	-1.071047379851372661e+00	-6.363373243434349014e-02	4.637604637241544703e-01	2.994401207350322336e-01	1.727661966200446653e+00
-2.934610960195503715e+00	-3.293665052920485836e-01	4.647227601487292636e-01	1.879104624967962600e+00	-1.095260015101662265e+00	9.719827352000509624e-01	1.269851374737768213e-01	4.472078642760779488e-01	3.217701767062157436e-02	6.221355166812136267e-02
1.251474079321094890e-01	-3.390205624021140340e-01	-9.486959853530600728e-02	-1.541035976446057387e-01	-4.376553793758179989e-01	-8.684794443148865506e-01	-2.394505056577143076e+00	1.299013386973944639e+00	8.700874559355008531e-01	-2.121391286378211394e-01
-4.203578898332759883e-01	-1.116077809692036960e+00	1.066135928104845476e+00	8.704597420550658216e-02	6.994307269403930716e-02	-1.598495736490346930e+00	-6.930349277440750466e-01	1.104835341811415628e+00	-7.934640101753575037e-01	-3.879835498289456730e-01
2.299401018080320103e-01	1.536690865244992654e+00	1.339758442375475145e+00	2.962589039040321559e+00	2.846550701650121806e-01	-7.195752132900536946e-01	3.408964643560216667e-01	4.257619856978953066e-01	1.113594473579953670e+00	-2.527930685599807936e-01
9.827352551638297573e-01	-1.846864470474381681e-01	-3.199475661838165341e-01	-8.024218289088721479e-01	4.689930166613965334e-01	-1.539358471900671536e-02	1.204761802414366478e+00	-7.717864706984214895e-02	2.742462626661154035e-01	-2.548438035291592518e-01
-1.060410515919895769e+00	6.479273911081173676e-01	-3.916404551530023870e-01	-1.334914929752287538e+00	1.134802334727098155e-01	1.031064229260975074e+00	2.382334704040730000e-01	-4.321991148239930913e-01	6.255359940869062441e-02	1.155007565913925172e+00
3.571003313046996475e-01	-2.301935806540622576e-02	-6.790207026439520899e-01	1.426935776506987219e+00	2.209799878908552007e+00	1.214293556346522918e+00	-2.349912169379119398e+00	4.603894577394299081e-02	1.568925680271216594e+00	1.546938156596833425e+00
1.649691204253729282e+00	-2.137459492370940295e-01	-1.429075664123549694e-01	-2.926400665711489602e+00	5.299700337812216500e-01	-2.696117226285701385e-01	1.105896840839562190e+00	1.349940373808950822e+00	1.331181837023403203e+00	3.710715702992983811e-01
-8.731348291867836453e-01	-1.251802924408813800e+00	4.411075521786854137e-01	-3.069485727496218175e+00	-7.567559995355404023e-01	-1.408631798969301352e+00	-4.136140341927997954e-01	5.291498957835847339e-01	4.111995259420891946e-01	-8.798087331469925942e-01
-2.018574015232731167e+00	-6.184520852621624432e-01	8.379256645329804520e-01	-2.251974479496464121e-01	8.501902092629962659e-01	6.217489535009113055e-01	4.936005652047523173e-01	-2.940861016428190089e-01	-2.664472875414252567e-02	8.564214755698594805e-01
9.458537668330861958e-01	9.271017805322134819e-01	7.964703869113196610e-01	9.131963735713242158e-01	-2.874239659361602084e-01	-4.105041350781888920e-01	-7.269022256291710615e-01	-2.079867897557595047e+00	4.557075534485207080e-01	-2.659339516032425133e-01
-2.975964909557647919e-01	1.835634545721450239e+00	-4.903420769569373783e-01	-1.024709320200094309e+00	-1.848190516018279883e+00	-5.755858510417024565e-01	1.828604910176556408e-01	1.139876215206778287e+00	3.781892131637269450e-01	-9.773410690733227435e-01
8.814349391303856196e-01	2.236912460306927475e+00	1.880868521773828572e-01	-1.778242268397685510e+00	-1.471877589477768478e+00	-1.480292582403552659e+00	-7.866729425394682895e-01	1.098205078993864658e+00	-1.440262054001699488e+00	-1.156975147890047406e+00
3.037578019583306865e-01	1.257213526036389473e+00	5.192851287693069917e-01	1.402268153974185472e-01	-5.998389318949293170e-01	-5.364720368260649241e-01	-1.063444342581630453e+00	-3.614084601045937650e-01	4.536079887389611875e-01	1.138650601388468547e-01
-1.214559627202690173e+00	1.485761858489962617e-01	6.808413509574111344e-02	-2.638485138067720448e-01	-3.980625021169388322e-01	-8.785312314877986584e-01	4.283646953754842793e-03	4.403432861570269474e-01	5.316885836162645873e-01	-3.573552949718072469e+00
-3.222366823710202249e-02	5.403373292323824240e-01	-8.443545836674429816e-01	-2.483072835198788519e-01	-1.150805099236240192e+00	3.344573903682174221e-01	-8.426294888840971664e-01	-1.667047610902335109e+00	3.774170960239404682e-01	-1.632807739904002631e+00
1.599090319780233305e+00	-2.588907416454911403e-01	-3.696998100704278478e-01	1.079605606322732614e+00	-2.378649003013346974e-01	1.597350827283094965e+00	-5.172393110577679920e-01	-6.293276118986330658e-01	-6.256770008980260256e-01	-6.992788986289960595e-01
-6.683307962643180167e-01	-4.006156743973764423e-01	-9.683968075605325909e-01	-1.192809147250304402e+00	-5.838536267272181890e-01	7.677739705078602261e-01	2.125760751310780683e-01	1.878279905117421766e-01	8.807589069164589723e-01	-2.044568008489662247e+00
2.244653892125305916e-01	-2.880028739282254335e-01	8.410482896042513756e-01	-1.563218033887875613e+00	-5.228747191584490750e-01	-6.011152012287488550e-02	-3.148646260088706073e-01	1.349043767602969179e+00	3.253523757503475888e-01	6.545337611738262229e-01
8.476790426561182645e-01	-4.447691214894328171e-01	-6.904942104333711139e-01	4.190477061127388936e-01	-6.310223802420880101e-01	1.443106218607830282e-01	-3.223116695421575084e-01	-4.170471450683930770e-01	-6.255708751883176655e-01	2.307306549653869165e-01
1.062792918699095424e+00	5.200097050465425641e-02	1.990310697908664536e-02	-7.175305793297376278e-01	-1.385275393458302196e+00	-1.143258123654347300e-02	4.053857666137750115e-01	6.012457891758300477e-01	4.675826586600281276e-01	-6.093919170017866177e-02
1.103512319409402753e+00	-2.186009104855727525e+00	1.055099847337855334e-01	1.095291509780675687e+00	2.048205499583362621e-01	-5.532019904687257572e-01	1.006870436632370192e+00	-2.265969613517604953e-01	7.147249476599736306e-01	3.080382372155947013e-01
-2.918956727902731751e-01	3.946400648969209946e-01	-2.287682774317083279e-01	6.419064777161727076e-01	-1.032047975214426927e+00	-3.706750494985436295e-01	1.080349411342140381e-01	-8.750363069583569353e-02	1.138583602729413558e-01	-2.696157334860858068e+00
1.821272826755010232e+00	-3.345101336903700262e-01	7.279930490588319980e-01	1.776709132095627641e+00	7.294908911499675686e-01	-9.668592475453868795e-01	-1.561981128579490896e+00	-3.070491040627213231e+00	-9.782658049766821406e-01	1.791545911034201577e+00
-8.318859585871097861e-01	-4.588134018908647804e-01	2.071554192729373689e+00	-1.338997352714995648e+00	-1.057396048893281648e+00	3.213052961177910727e-01	6.461178908413107470e-03	7.224842039988879083e-01	-1.311568826720610481e+00	-7.387487119187701179e-01
-5.890783502412637596e-01	-6.445692033397835141e-01	-2.309377317909218907e-01	-4.681394566600978469e-02	1.083688413642640014e-01	1.206082857414774306e-01	1.153664618526700214e-01	1.407025203823570658e+00	1.811918925077399267e+00	-1.317223927654510129e+00
-1.200119586194025700e+00	-3.473088829866358695e-01	4.894576941955019467e-01	-3.520085268273466239e-01	-6.005517513201840130e-01	-2.034989280606950279e-01	6.377565903237660816e-01	4.276897213944964027e-01	1.921208425324775648e+00	-2.405603724353674533e+00
-1.643552852290160571e+00	-1.704065774276197487e-01	-6.838320391296424106e-01	-1.295490517863864821e-01	6.401415298732242576e-01	1.006704378177921022e+00	2.260173390369859980e+00	1.486284427739988090e-01	1.946799984904627745e-02	6.509506361436079303e-01
4.886038711190915373e-01	1.648538262724098535e+00	-1.176285594897886533e+00	-8.043507291029911022e-01	1.434039544352065931e+00	-9.809234522085669150e-01	-1.118169001955440889e+00	1.988009478538910857e+00	-8.386485836924120751e-02	-1.633984463314875901e-01
-1.228020852395119045e+00	-1.090818506349083838e+00	6.079269485394903638e-01	-1.957135004124579969e-01	4.186935060366636097e-01	7.453945797314628363e-01	-1.115352765707557925e+00	-1.004659026338833971e+00	-1.584574237125240037e+00	4.036183846940698539e-01
-6.530718398135786362e-01	-2.188054066995198943e-01	1.195179660571862756e+00	-1.396192098542483384e+00	1.093486629223825307e-01	-1.370360508469235850e+00	5.517622320222678178e-01	-4.501246393346383101e-01	6.382798576680499547e-01	1.014590666771236993e+00
-2.579900367426225305e+00	-9.576341398461331034e-01	-1.035338912481736262e+00	-1.102545195143660867e-01	-1.875317810514900652e+00	-6.076994132040581809e-01	-1.700951258682128042e+00	-6.126939531206351264e-01	-4.463515195766158961e-01	2.238127062568256720e-01
-1.447206339593844371e+00	-1.867764393065229622e-01	-6.877187388732317608e-01	3.440389683187398129e-01	-9.480076757737772031e-01	2.719857244764951609e-01	-7.364617088445725157e-01	1.309691690598121516e-01	-3.674595851222903775e-01	-9.031976902414327046e-01
1.333321507971143849e-01	-1.167690632676958939e+00	2.313770373955295501e+00	1.841786216767444140e+00	3.852635593875530229e-01	2.006452917438512062e-01	1.120603893046014932e+00	-1.286199933132391005e+00	8.578635489836166084e-01	1.633538936602780378e+00
6.201415827857084118e-01	-1.904739931177497902e-01	-1.996677351530723676e+00	4.225134298339369154e-01	1.355854672335512934e+00	-2.132501891005473382e+00	-3.983826557104804267e-01	-8.973800821158093299e-01	-6.809478197433694868e-01	-6.480535882333471331e-01
-9.093071536216653650e-01	4.852551134899266705e-01	1.054066943119808863e+00	1.080837263566087447e+00	-9.561991244528771361e-01	-3.428291333265392482e-01	6.597933793060835050e-01	1.215182034825959212e+00	5.152017718808487023e-01	-1.429555176764694790e+00
-5.700512712389059766e-01	-3.844255522179439999e-01	8.916704193563971259e-01	-4.870767151697166786e-01	-1.134890756587946470e+00	3.508083616730648946e-01	-3.311494832099431962e-01	-3.700721297434704238e-01	3.588687600299440561e-01	1.010440445934639220e+00
1.802197339193145842e+00	9.507273201963731823e-01	-1.904347425105074598e-01	-1.654959091627250301e+00	-1.397158381199318788e-01	4.976499940164244018e-01	5.141873387346971441e-02	-9.726696604213547204e-01	1.497273941946335674e+00	-7.449118105738296025e-01
9.284372899525399070e-02	5.771808710948889143e-02	-3.846174189937363597e-01	8.040713043770782997e-01	-5.528742440016731763e-01	3.688938423877015649e-01	-2.008397605135343322e-01	9.645834709626086023e-03	1.470147369754303490e+00	-5.800358406611147988e-01
-1.289291532839254462e+00	6.637302840360406186e-01	4.525866188156131842e-01	4.960057723787001382e-01	1.652551809287623463e+00	-6.441619639219507976e-01	1.762545518304583780e-01	8.289336598975036718e-01	-1.797940547293689795e+00	1.294787751712763502e+00
-1.943709270620117113e+00	1.329959402206526420e+00	-6.228777543590443555e-01	5.613696745519057840e-01	-3.006962118357739966e-01	-8.869151820996512559e-01	1.799840529715155402e+00	7.098668755997956659e-01	5.602946097132336378e-01	-1.634799784098188047e+00
2.473024408663763829e+00	-3.918526054145370086e-02	1.376796702655948279e-01	1.438782640494865595e-01	-1.460440613922622699e+00	1.718072792700405582e+00	-7.418520062524139869e-01	-5.421230732913092654e-01	5.640245796472050932e-01	5.175746860389944803e-01
-6.950253069478964374e-01	2.652746556968297309e-01	-3.101770419465221806e-01	1.503550734739675265e+00	-7.171474603676615545e-02	-9.961603982899434884e-02	5.852261525940266607e-01	9.180088108161530425e-01	1.516505199272621951e-01	6.199421062234654611e-01
2.848085820537003127e-02	4.210825531358514118e-01	-1.881475952653339778e+00	-5.108202164471136175e-01	4.150097081100002638e-01	-1.689469679864863405e-01	-1.055502121915868674e+00	3.772012001431724326e-01	2.812137648051187266e-01	-3.560020973109348508e-01
9.240818023637094036e-01	1.753652710572434492e-01	-1.285798426405360351e+00	3.636189230385228344e-01	8.800374476867283136e-01	-5.832369584064758250e-01	1.727587441544973901e+00	-9.170249417116095314e-01	2.570732403671426858e-01	-1.116189847385803402e+00
-1.645176593342644877e-01	8.787190631099386917e-02	7.459362781086629202e-01	1.034705588115898411e+00	-7.931908036988055688e-01	6.755564643608149566e-01	-1.666854078258902083e+00	5.212462253382152966e-01	-3.056115170016929228e-01	1.821888728863316320e+00
-1.444049134870933448e+00	-2.521005541416565521e+00	7.823038135921521752e-01	-3.393647948815133875e-01	-8.801098079488424153e-01	-1.297868076288847816e-01	-5.123538154143035817e-01	-1.192714238769792434e+00	-2.263968450658353504e-01	-7.662387680809540358e-01
-2.807975061622303148e-01	-3.603278134719612447e-01	6.301343091235090954e-01	-5.035198483933233105e-01	1.972060849452323406e-01	-1.085044086233356797e+00	-1.205441235009603540e+00	-2.758495465169978011e+00	-9.879731279155590240e-03	-5.833082512124596608e-01
-7.998840355932508306e-01	-1.844547848463232054e+00	-2.035823687652595915e-01	-4.681074157094562982e-01	-4.162456916241845106e-01	1.287839553308897544e+00	4.049569148401744312e-01	-6.366167763632859522e-01	-5.343268338892203095e-01	-2.508798593947803468e+00
-4.747513254010461425e-01	5.451093808175550004e-02	-1.387280383106503256e+00	-2.323595148860121640e+00	-5.271594755814743571e-01	-4.561494557268620104e-02	1.784141143226563100e-02	1.211664069549735379e+00	-1.021296697385714936e+00	1.021126614010914313e+00
2.086717535201167983e+00	7.141840460711816885e-01	1.842336685270598240e+00	-4.500737139985626634e-01	3.046330182254641111e-02	-8.737953888459840113e-02	-5.751923038710956559e-01	1.928349899842641824e+00	-1.281798736676224848e-01	1.021313312125191608e+00
-1.953199966713459856e+00	6.451957127634533329e-01	-2.030230909085425917e-01	-8.365935399876037737e-01	-9.841877144540646105e-01	5.477363886194639431e-01	-1.672286816370708029e-01	1.030234299692170730e+00	-1.126221718115568704e+00	-2.212856129191039134e+00
1.121992641265221247e+00	-1.021071967921493462e+00	1.422436122172809903e+00	6.652405747708450834e-01	4.796731191621713131e-01	7.728288763837234399e-01	1.718122817599535779e+00	-3.547701946081620594e-01	-7.003506494893970702e-01	1.769386116566019851e+00
6.183442584850812329e-01	-1.031468349080374436e+00	1.303063158360349971e-01	-3.444321214564013967e-01	5.096284795778610599e-01	-1.317091021928465722e+00	1.844291486154832738e+00	-1.707147724396307908e-01	1.539651042671251469e-01	1.559451805500219557e+00
2.080551187273840530e-01	1.965094870700399565e-01	-1.224713337076834829e+00	-6.258192097202213144e-01	-1.377302603116604685e+00	-6.091431568954798204e-01	-1.773070223652133626e+00	-1.312107119832502278e+00	1.480130565544873211e-01	-5.448964207837332652e-02
6.076812361952638880e-02	1.363243295108189423e+00	6.504826017491065482e-01	-3.227634838663192007e-01	1.142914889793558153e+00	7.115491131874958353e-02	4.585444664170806872e-02	-6.661722398824122537e-01	-7.620754975948166310e-01	1.814821932090842971e+00
4.709146014389772178e-02	8.408437668769234152e-01	1.194457298717632870e-01	-7.848167601410238614e-01	-1.041492541513418767e-02	1.016944441451281156e+00	7.836359095048228696e-01	-1.178403003435344321e+00	-1.036689364787531445e-02	8.158358917394944454e-01
5.250328454507933174e-01	5.760277738700289030e-01	4.212046113476962117e-01	1.262455348883831485e+00	1.078354065147403423e-01	1.202562842603908777e+00	1.671583737976084949e+00	8.544886492650424215e-01	-3.116671677679921926e-01	-7.873880656958827107e-01
-5.456243391296573542e-01	1.399836282094169881e+00	2.521804026946577793e+00	-5.023643122187636534e-01	2.660976178308134266e-01	-6.558353165262973405e-01	-1.375513141061681432e+00	-1.976666994459427285e-01	7.622067859471195472e-01	-1.572896262749200746e-01
-7.461695703090005516e-01	-2.302060915009703501e-01	-1.217693253621392246e+00	-2.825140416455723114e-01	-1.840795845341304249e+00	-6.366813106161803848e-01	9.584212437091187420e-01	-2.286012901771342955e-03	-7.224149013005791709e-01	3.401395139190115935e-01
-4.407821175714283779e-01	1.494911243537845547e+00	-9.412581173271037382e-01	4.918383222837329760e-01	-3.821615573703983082e-01	4.138857155737435400e-01	3.348395186949567059e-01	-1.518535419375890871e+00	-2.398853806200490768e-01	3.846239546410468724e-01
-6.796399227257530207e-01	5.499749810767309288e-01	-1.690530168430973923e+00	2.048068633728743482e-01	-1.568079347152865344e-01	-9.344112832453657091e-01	2.497028284630790906e-01	-2.772247821171279991e+00	6.689727390656788897e-01	1.221960520277842965e+00
-6.539256337750178893e-01	8.259424490685575437e-02	6.623903984717208759e-01	-1.947134772412472570e+00	6.059884254642382284e-02	1.401036470019611180e+00	-9.487260674127029336e-01	-9.228570527597785844e-01	-8.854202326005132795e-01	7.403764408740654002e-01
1.537401383331579829e+00	1.231203595748353863e-01	8.887325763604709827e-01	-5.666168840872681800e-02	2.462217698242525135e-02	-9.303215316993115325e-01	4.455343551796521750e-01	9.300525428285194574e-01	1.110637207206722765e+00	2.090819470863237994e-01
2.256895670821914418e-02	1.675649299515681090e+00	5.857653940385820768e-01	1.435157395087101495e+00	1.177923811487781469e+00	-4.088985250691790085e-01	2.454737170302830340e-01	-8.800511317809234235e-02	-6.221599832683568643e-01	-6.481780954004709994e-01
-2.649624570415798908e-01	6.625353783520490092e-01	1.180773168688104002e+00	3.769800913277001064e-01	6.571747153466563907e-01	7.050806585100111157e-01	1.176620847742844811e+00	4.956437484209020305e-01	8.718639660086899834e-01	1.199620999565779167e-01
9.899870317290802857e-02	4.678234325027931795e-01	-9.422289622405173315e-01	-2.534450635699248555e-01	8.396810064112802952e-01	9.609722669180237320e-01	4.286591558673552571e-01	-2.496121572997390459e+00	-9.295244364885428545e-02	1.136941291015165223e-01
1.194694480710917217e+00	1.513781672954664370e-01	2.941216948399928977e-01	-3.665727854009757647e-01	-3.372078507665374203e-01	-3.001747500755449938e+00	2.622761431458933701e-01	1.298068462424552427e+00	-1.182486714231135494e+00	-4.828939777557079704e-01
-1.192648637147307955e+00	-1.164893965082653277e-01	-8.009914342721173863e-01	-3.176706363243732567e-01	-1.002507586553951668e+00	-1.026519371850157653e-01	-2.047520622342381968e-01	5.009503768711263127e-01	1.738008329268960983e+00	-3.457978487326094363e-01
-2.374033770423204626e+00	-5.087128730125594078e-01	1.207306307933108336e+00	7.944638036848711282e-02	-5.493324134430024319e-01	2.578345340519297979e-01	-3.718050824436741064e-01	1.098489618238285281e+00	-1.293832817143747205e+00	8.375957186075166927e-01
1.999840235108790026e-02	-3.398128104378925207e-01	-1.391899729926756812e+00	-2.384114761495259582e+00	-1.029287995602473638e+00	-2.122447114866637730e+00	4.522332435851632026e-01	1.265936625221759204e+00	-3.687453551663536500e-01	-1.458952838568134958e+00
1.238926289440156037e+00	-3.128910501606924077e-01	-6.590802679521755580e-01	-2.169577315839743559e+00	-3.489954702039897438e-01	-1.946048817212559512e-01	-8.303562869802216806e-01	3.539832995533376825e-01	1.412610840599739293e+00	-3.223476819472828603e-01
-6.747227869497026687e-01	7.435140170285937065e-03	-1.540409586791721408e-01	1.102570004124271863e+00	-6.767910060914344994e-01	-1.737520242498536760e+00	8.080738314296682934e-02	-1.026479139679405073e+00	-1.266099013714453991e-01	-7.611786762541254969e-01
2.353825698282733803e-01	-1.507096574433631764e+00	-2.076543083475742346e+00	-1.401079967625530553e+00	-1.353172373186552813e+00	1.662834553734603982e-01	-2.021321692703445638e+00	5.560782947484788075e-01	1.368694606697029303e-01	7.793671436354979720e-01
-2.091405081573863844e-01	5.955007229134662294e-02	-8.577745567620824740e-01	1.426088599448527061e+00	1.180649756992852240e+00	4.467681402802544111e-01	4.536184220292201474e-01	-6.085984231007156575e-01	9.787036650143101646e-01	8.547167027810578799e-02
8.108361303036836221e-01	1.016270483520618884e+00	9.125608866648735606e-01	-4.678460887886005670e-01	1.009967104936991822e+00	-6.054660992098136185e-02	-1.783413955956211494e-01	1.820112096805444057e-01	-4.474424270700978756e-02	-1.067518905951110542e+00
-1.564103261778009069e+00	7.134536433093133789e-01	-6.861539803828962114e-01	4.003814948107437544e-01	-6.057379522989484455e-01	-1.593607294271953245e+00	-8.888477092055727113e-02	5.943903659084222024e-01	-1.480135436091041035e+00	1.006674840905225354e-01
1.017745707147914347e+00	9.527940564266010881e-01	9.996582624089761504e-02	-1.630793655901648487e+00	8.821747625941943338e-02	-3.006472252348940666e-01	1.431939364884948329e+00	8.432640167456790792e-01	-2.084649292321775871e+00	1.819903578237492603e+00
1.517171888032407656e+00	-1.613571979169304282e-01	1.155802074185448003e+00	1.484191978372722431e+00	-5.824424547658885176e-01	1.370268919051887968e+00	-3.022012413922309793e-01	-8.479950783036499518e-01	9.265484220854803832e-01	1.874540628685786192e+00
-3.723855121765227288e-02	-9.768102166841495793e-01	-4.074340129156827084e-01	5.051151095473055408e-01	-1.730358638994268228e+00	1.819870929943943061e+00	-9.165224008801581279e-01	1.092085084701877262e+00	-2.442452813986006888e-01	5.795057319598784229e-01
1.137979484241194106e+00	-5.688881670504129795e-02	4.875935388664409120e-01	1.316224010956970725e+00	5.903598616379185371e-01	-1.083662670243473736e+00	-1.065640504998974558e+00	-1.306099450550363417e-01	1.130832939020293360e+00	-1.025676568473415928e+00
3.285430033131295224e-01	9.035857867772225660e-01	2.344342360538844261e+00	-3.888750979222457133e-02	1.461094494175492420e+00	-6.650713032451167905e-02	-2.568971189743483041e+00	2.742047254279173993e-02	-6.185634328019603556e-01	1.009320950363854053e+00
-8.258443950238177900e-01	-6.121857608627215841e-01	1.540085142088626569e+00	7.567473803623503414e-01	-1.168159606064913314e+00	-1.204610501807328315e-01	3.586904143985886195e-01	-1.660631642493151761e+00	2.892517076842321400e-01	2.093900899008988681e+00
-1.382458420843973190e+00	3.397067741884463032e-01	9.851965411227662228e-01	2.659474637263470331e-01	-5.403585093756089197e-01	9.180962886644059573e-01	-8.904760400488285210e-01	3.637916134266498958e-01	-3.102154458428332384e-03	-3.341091676086128115e-01
-1.091115133559780181e-01	3.004105188507717461e-01	-5.768296233145174812e-01	-1.753655713412041461e-01	-3.419423222066745871e-01	3.073403517045061317e-01	-6.691483400817295202e-01	2.163334180072146395e+00	9.574881958000024396e-01	-1.955146914405091474e+00
2.210689064241964097e+00	-3.568140795377152674e-01	8.717921512547360807e-01	-8.605342461954663957e-02	-9.611578584891181665e-01	-1.568846922006169597e+00	1.414673329567895044e+00	-6.549285579847347050e-01	1.675526688185642876e-01	-8.084640307337813692e-01
2.871020777302381918e-03	-3.447095418911442222e-01	-1.911500259367675980e+00	-5.546025467327257985e-01	3.766434863159457413e-01	1.586619295768310955e+00	-1.697609375292238543e+00	-8.376789356376425702e-03	3.362338200911343389e-01	-9.836796489748520500e-01
7.656577948078273632e-01	-5.315504263987125277e-01	1.513477827211280324e+00	-1.408188717399287082e+00	-8.060095250892441998e-02	-1.052036815364061129e+00	2.180640144586658113e+00	-1.101951556070528193e+00	-6.118977573559237770e-01	-1.581011950765692342e+00
-2.524542634812145803e-01	-9.883164059611070362e-01	-1.980006095900726515e-01	3.353685205279582360e-01	-6.910251813620921224e-01	-1.476825067509891509e+00	-6.318309561181766065e-02	4.896067587478807881e-01	-2.452585102417636775e-01	-2.561166786961024400e-01
-3.259781205982686947e-01	-6.400105413500185580e-01	1.375859412391601810e-01	1.472293339310801752e+00	-8.528234353393766842e-02	-6.552492071935133167e-01	-8.634564526097989745e-01	-1.375115491260144651e+00	1.579923630256323319e+00	2.326190452485781546e-01
-1.449011695384646581e-01	-2.012117367809589941e-01	-3.342280891127906162e-01	-1.915419695478701057e+00	1.050639874620414638e+00	3.792761022981341323e-01	1.610331638798432774e+00	1.171905462931171593e+00	1.479201343150450487e+00	-5.959610886100792371e-01
3.140914243151082252e-01	6.260452472902485743e-01	-8.748370285558023651e-01	1.755523362425968736e+00	-5.262428061724672146e-01	1.080976988956798834e+00	-7.606482792759223788e-01	5.911909715098104812e-01	7.874832255340030729e-01	-2.346058453872376659e-02
-4.026913508280201559e-01	1.168074041148375354e-02	1.160384933097754256e+00	1.422376556756440452e-02	1.819053702224135427e-01	-9.955379561200560223e-01	1.880813822316759198e+00	-7.920557386325549620e-02	1.719977105908741422e+00	-1.341266015043360182e+00
1.489408581708231705e-01	-4.323593100488875574e-01	1.106205807745423153e-01	8.103105241951451543e-01	1.313773940830259557e+00	1.874686796602113292e-01	-6.986034544530646262e-02	-3.862643405754453418e-01	1.131980235854066041e+00	-3.726294382230919688e-01
1.474362382682109507e-01	1.556451557892278292e-01	-1.713184002977981235e+00	-1.339631034850463864e+00	-2.349484166442903810e+00	-3.726270971607889004e-01	-6.285135333266292923e-01	4.112326713548463131e-01	1.120627347391866396e-01	-1.089883272007803994e+00
-1.760950161645117085e+00	3.435187851112026514e-01	1.433144865570568305e+00	-2.498134432985606335e+00	-3.784301646327995483e-01	-1.109747789194005962e+00	-9.049767089038056600e-01	-1.182867449117308567e+00	5.857044978335653740e-01	-6.172329160867340986e-02
-2.825533184518673191e-01	1.412205189115592008e+00	1.047304987724146264e+00	-1.358880688025713157e+00	-6.112720092745717038e-01	3.057237216228210208e-01	-7.900283502327810625e-01	1.495466711399692228e+00	1.709665417603727811e+00	1.530907957883158588e+00
1.383675501777542616e-01	7.851442786899894832e-01	-2.156335034866938699e-02	-8.188320034006587589e-01	8.577379465752251742e-01	4.547461388953577544e-01	1.228032147594030121e+00	1.649359336401583498e+00	3.075875724125567423e-01	8.628048116678770085e-02
-6.444926173889672927e-02	1.475969968042730063e+00	-4.655827922217243287e-01	-2.928695816947377017e-01	-1.725754318966365997e-01	-3.277738928166756271e-01	-1.433173421481118037e+00	-4.707402933985831983e-01	-3.235267151436281852e-01	6.283550318070587615e-01
1.135991381265186062e+00	1.030627025475297165e+00	-7.494170306825743699e-01	-1.060940263731589006e+00	-2.572801614973113660e-01	3.293572900155308236e-01	-1.689858296749402189e-01	-4.423625644603378371e-01	-1.615030827834348148e+00	3.658702694898041674e-01
-1.940732182528547511e+00	-1.696362387650860448e+00	-1.643560348955937389e+00	1.589332796628825761e+00	7.818924270453135872e-01	1.567701052690497754e+00	2.143401441512580607e+00	-8.494259415095137822e-01	-1.618673276557989427e+00	1.590814859515377044e-01
-2.427751875683181737e+00	4.103932383487772229e-01	7.067884381914478764e-01	8.096695381595977459e-01	7.485542807529518283e-01	4.790088939894336928e-01	8.623222129866386920e-01	1.345222490442119723e+00	-2.465317879191150086e-01	5.775863120662438899e-01
1.187644600688204516e-01	-3.556212398950545084e-02	-7.498963773811095912e-01	6.906367063483080937e-01	1.474260207187286120e+00	6.431114635166310656e-01	-2.057945460759735279e-01	-1.144075145314237263e+00	-1.354285452155267779e-02	5.501534269032801738e-01
-2.371587572066792937e+00	-9.000889616463502163e-01	5.986675468887577845e-01	1.612799815191179098e+00	-7.314556226978811138e-01	6.169555887520926651e-01	-1.560753280508718976e+00	1.291071846931637790e+00	1.234604822621595321e+00	3.249606758778272320e-01
-4.473902896227877762e-02	-9.742546814663756161e-01	-2.289023334949481736e+00	6.649994323265694396e-01	1.357927644799694189e+00	-2.642909289556476526e-01	6.156596438383861170e-01	-2.210571047312125670e-01	9.491578270976214204e-01	9.842552310622234568e-01
-1.776225920666194696e-02	2.307867375715729530e+00	-2.120599874078745728e-01	5.770725005205178115e-02	-8.378644874975419432e-01	-7.762247874950201076e-01	4.990835525912952764e-01	-4.188681367993705162e-01	1.994454644471570726e+00	1.740644178100895709e-02
2.555052353668483267e-01	2.064690282492535278e+00	1.622557149083819761e+00	-4.537774526559692490e-01	1.925110692170532989e+00	-7.617555453236737328e-01	-3.771460270058795694e-01	-1.411902227842328772e+00	-5.619528990479347730e-01	1.092580805831139396e-01
-2.171853532815302135e-01	1.999531353128860323e+00	-6.639647477660475250e-01	1.132937093097131864e+00	4.264033348913697230e-01	1.564199359840476311e-01	-2.183131402471035210e-01	-1.166980481167349426e+00	4.363642948280780365e-01	1.038070587967951652e-01
1.321439090802474903e+00	5.113622661511864065e-01	-4.981681249940211886e-01	9.436454653982490060e-01	1.048978099331022262e+00	1.985977788380875131e+00	-2.331306663704928450e-01	-1.365417182258247042e+00	2.293310252347752876e+00	-8.651139431880009445e-01
2.729567518256734715e-01	3.805061329731529995e-01	2.223040990290938990e-01	-1.520655590651606603e+00	-6.330463057282259554e-01	-1.081319623373335093e+00	-3.360625728640001531e-01	1.528360610166160427e+00	-2.166912586155833251e-02	3.442489871208231356e-01
-1.658112920816041891e+00	2.143831434430979677e+00	-1.008196946906188884e+00	1.142473680998146168e+00	-1.027070854370533803e+00	-9.027343606486085692e-01	-4.926841561139959358e-02	1.343222712776700689e+00	-5.903510894672223674e-01	5.398055411520470415e-01
7.391592648997327153e-01	3.883058679029637861e-01	6.989200313640231421e-01	-1.766450931504623068e+00	-7.369461381322607307e-01	-5.688206456805614541e-01	-1.844364283824008410e+00	-1.248824192481641920e-01	2.852668450320079985e-01	5.031165535280570644e-01
5.016370069928418468e-02	2.792412074053650661e-01	-6.514699269892737510e-01	7.784311149601345070e-01	-3.151834629114653730e+00	-3.534692423210715195e-01	8.586068181284609580e-01	-1.455855716570253200e-01	-1.494934592462645373e+00	-1.235862446349301536e+00
-4.188537839796556139e-01	5.283485907362315270e-01	1.676765699225160264e-02	-5.056051224769005925e-01	-1.025524000264796065e+00	-6.752166822107342758e-01	1.477741229934022238e+00	1.031152868099056430e-01	1.453454027210574040e+00	6.331779308171782139e-01
-1.958199131015433636e+00	-1.414524041480228922e+00	-8.603837663361704191e-01	1.743734343250354923e+00	-9.950630447406485501e-01	9.243715011810893500e-01	-7.345865117636855013e-01	3.186127157879074523e-01	-1.598708492148422922e-01	-1.184559419861684892e+00
5.661952028100983858e-01	-1.662627758937813560e+00	-6.970871953748450922e-01	-1.741143082027227562e+00	-3.251619968401570082e-01	-2.330152642371087213e-01	-8.769774302068819027e-01	-2.754440471770543825e-02	1.298384228959544417e+00	-1.512888737571070896e+00
5.238987728238754249e-01	1.402997213250011255e-01	-9.703396323625060882e-01	-7.960316109234543136e-01	-1.152527135825895943e+00	5.044288562674328347e-01	-5.990024273580443204e-01	-1.886813857489990642e+00	1.174765447663790319e+00	-1.880258938678154579e-01
8.621182880573692586e-02	6.609535214303646766e-01	-9.355458805504658359e-01	8.880309309382400373e-01	9.978891770138861306e-01	-4.245382581268262734e-01	7.311424622133777529e-01	-5.924951976133956411e-01	7.164348518264522792e-01	-2.433594910583612991e-01
1.096661293515666769e+00	8.962718087564129910e-01	-1.104788531542107766e+00	-9.170893311950950588e-01	1.260092427016129779e+00	9.221563749669232646e-01	-1.804578717990095449e-01	-3.166190073868374588e-01	-1.252992650751252324e-01	1.971667253517371821e+00
-5.611410387437364422e-01	-1.641188752551928864e+00	-1.591143239715599567e+00	1.387191005326305238e+00	5.940472482963676804e-02	-6.105351822614206725e-01	-3.802735511467879997e-02	1.093293732008981500e+00	1.066022040046607167e+00	-1.062006454707893122e+00
8.112780623156591320e-01	-5.027375964719015267e-01	5.843335695844107391e-01	-1.436907242877867086e+00	8.463755794204148586e-01	1.021890373855155021e+00	2.489354069341117026e-01	9.955529119939533489e-01	-5.234598726343098196e-01	-7.910895266909012680e-01
9.908886710113664620e-01	4.663226085198183268e-01	3.432127767635067550e-01	-2.107604408050802458e-01	1.485582886433652661e+00	6.683684637954580010e-01	-1.306908026371887299e+00	1.057537646121176733e+00	1.455901376764995037e-01	4.456622750780983022e-01
1.333767879365457709e+00	-3.561390423797781701e-01	2.704693647391538947e-01	1.078924374039946565e+00	1.074134688963076512e+00	-9.347527139217193248e-01	-4.538340941107105730e-01	5.470769369212065136e-01	-5.764075483648426479e-01	7.511678281470272056e-01
-9.390473340615081155e-02	1.012234212667618927e+00	3.507261418845741274e-01	2.718711291550870879e+00	-2.045377741421547935e-01	-4.214680165862402100e-02	4.934978246613905273e-01	-1.340914697747714657e+00	-3.157871545929271662e-01	7.271818431312457864e-01
-6.651366113930915480e-01	-3.915574929513163660e-01	1.233872876989405842e+00	-5.830140575832034600e-01	-4.548522141198119151e-02	-1.057974901761196573e+00	-1.091924731895928605e-02	2.814386979488703866e-01	-1.932900637320362214e-01	-2.366233696892960092e-01
-9.140628002312483069e-01	-8.887835071919494845e-02	4.355608289798481580e-01	7.976835325535373000e-01	-1.466029618652367361e+00	-2.312207740948611090e-01	1.594848704313100995e+00	3.244469277117791733e-02	-1.229903620256309171e+00	-2.011363752811149652e+00
2.299373207211985112e-02	-4.897248115196019547e-01	9.501767898238852039e-01	-6.446507482472124684e-01	3.725413396318586479e-01	1.996260963639644725e-01	-1.992322825889673243e+00	9.796084327382570400e-01	-1.193742808273897449e+00	2.071408520346509352e+00
-4.942649051907711533e-01	-6.888531478094573890e-01	-6.096331570506352548e-01	-5.978244428340486749e-01	8.232278388971986383e-01	2.227578540968861709e-01	-9.085849699313387484e-01	5.704696388188993522e-02	-1.429655365407757950e+00	1.133574346933613253e+00
-1.572428299066342960e+00	-1.581719987149108775e+00	-3.620877663211511943e-01	-8.162392062442028751e-01	-3.150684852424428528e-01	1.352762481929799428e-02	3.579521652073560656e-01	-1.543012953189650593e+00	1.898142896549370517e+00	-1.279363536284849667e+00
2.264859375949506148e+00	-4.137196817465679244e-01	-7.516848962804114631e-01	-4.899336818898062940e-01	-1.414519075119919367e-01	-3.607202688562166637e-01	-2.017633209669497774e+00	-2.877038143766821321e-01	-5.011484104431013220e-01	-1.935854646767022347e+00
5.359440350188681146e-01	-7.642096344726764245e-01	3.540323038196914185e-01	-1.409216802277966973e+00	-4.089265283068985180e-02	1.740661089704108044e-01	3.352010960189016203e-02	4.948280262503758631e-01	-1.990376150773018882e-01	-1.140004537556768671e+00
3.047380011427867630e-01	-6.429154282899202100e-01	7.480321916767690427e-02	1.048346433834592251e+00	-1.136841087948907925e+00	-6.941569807863902097e-01	-1.064606320056936895e+00	7.399797106899697052e-01	-1.652310253033954790e-01	5.777065644086273322e-01
1.421807438409762980e+00	-1.788744237256347569e+00	1.193648460592126037e+00	2.908892886005238765e-01	8.119747993651721396e-01	1.724838526240518588e+00	6.259694091535814575e-01	-1.895957628067211020e+00	-6.864706863231314626e-01	-4.853184604432259630e-01
-1.557831950240909924e+00	3.047927675020275506e-01	6.703956950718362728e-01	-1.523027814433154381e+00	-4.147807719151368477e-01	-2.864683596781404315e-02	-7.398292077737718131e-01	2.756054785131138440e-01	-1.438583583329859916e-01	1.973409199866162034e+00
2.459890751393723207e-01	4.092849251427393420e-01	-6.563216889904385232e-01	3.006881070302869219e-01	1.026021308011970445e+00	-1.211324794128431748e+00	2.112182114705411173e+00	9.879175450794993596e-01	-7.653415417895867989e-01	7.823702002017528523e-01
-1.557419851397032540e+00	4.410185198076461144e-01	1.344024722108333458e+00	6.601552260930131366e-01	1.064159142785454870e+00	-2.570667168812434955e-01	3.883300032830930282e-01	-1.168625733285975965e+00	-5.276372121795567249e-01	-5.895645486185541184e-01
5.726748060541605456e-01	5.130844490224160115e-01	8.601110121192813152e-01	-1.146499429075825249e+00	1.489029881973396696e+00	-5.152332578908226379e-01	1.066411355898248647e+00	-5.327332150935283339e-01	-9.544598577443279552e-01	4.464696108307206202e-01
-2.370285307155943488e-01	2.783955343733213184e+00	1.256363995533612554e+00	1.016014573592904480e+00	4.313542439931897232e-02	-3.799408419756204469e-01	1.657614566063253247e-01	1.355641452675798053e+00	-8.091269301280338277e-01	-4.871646994585980828e-01
7.149696699403856881e-01	1.993079773211565486e+00	-4.445739319367015274e-01	-2.222822792062798758e+00	-1.680223498512491056e-03	4.978806723799599626e-02	1.103568141124671387e+00	1.247193051571484856e+00	-2.814423042799759078e-01	3.053468898846723456e-01
6.008479674163033080e-01	4.459268570119322428e-01	2.804470822735534163e-01	-1.624454091938528411e+00	-2.042726226640814435e-01	-7.479680578240696098e-01	6.006786687285382842e-02	-9.224188240777370096e-02	-4.804077939426137922e-02	9.119775884364898777e-02
2.091311732695296799e-01	-1.454464172878883466e-01	2.287865355800518252e-01	5.055638557971076086e-01	7.604511436762719789e-01	-1.359719761051090714e+00	-3.879270871916880581e-01	2.458250851393280367e+00	-5.120432566949788544e-01	3.650055828683520520e-01
-2.656676414795279828e-01	-2.189448047258125474e+00	-6.383450227788475262e-01	-1.172896170685355344e+00	1.202896370113824220e+00	2.166314084989839461e+00	1.554085924223109483e-01	-1.809207288645642508e+00	2.068564511751135593e-01	1.385068624131187809e+00
-1.592612559804704730e+00	-7.506017461228519094e-01	-2.866093932992323623e+00	-6.432326175001648050e-01	-3.955568678922772308e-01	-7.840348761923371379e-01	7.382430403106983174e-01	1.691872226543136959e+00	2.080254297670206531e-01	5.191111591255998144e-03
9.229964279881672784e-01	5.328556676377749213e-01	-6.609385220056593901e-01	-8.211787280004608780e-01	-1.255514624534248780e+00	2.079097003743787919e+00	-9.492028425604732700e-01	4.082426227447251421e-02	-1.823190474865557631e+00	-9.783540463231940043e-01
-5.788184868955574824e-01	4.781178781494607177e-01	-1.621479176411215084e+00	1.914624291745574469e+00	-4.870130369973831308e-01	-9.801152668653864142e-01	8.356988027550866782e-01	-5.582714446807562902e-01	1.087908852940295379e+00	-1.285484051762237900e+00
-7.779786202114956639e-01	-7.777168586259346483e-01	-4.256306475351906426e-01	7.210167550021407967e-01	-1.462472310434767664e+00	-1.224090627803797043e-01	-7.152832317065614953e-01	2.884167433997442131e-01	7.015199490112118408e-01	-1.021225976053493911e-01
4.175669987692193219e-01	1.315388320512668185e-01	-5.753046904666779815e-01	-6.480769927817967568e-01	-7.883819878055183805e-01	4.003807902927629392e-02	-1.039898949432674025e+00	-6.789892024448526131e-01	-6.455421892103542225e-01	3.292809038239308261e-01
8.467210244813496711e-01	1.100508195171823189e+00	1.661275392544929175e-01	1.567967832973774733e+00	1.901717080031881224e+00	-4.302383249156351841e-01	-3.821183469461534774e-04	8.860654435022983222e-01	1.162853003272918545e-01	8.388307892214424966e-01
3.410983909833509298e-02	-3.759567319827688547e-01	8.059870340665499233e-01	-1.084152892282404190e+00	-1.834118735656662613e+00	-1.695028144380850588e+00	5.171676550943204997e-01	6.458158902968726134e-02	-1.159886148743655365e+00	1.245740411597259373e-01
1.807394818620216281e-01	2.343645386341110803e-01	1.578137961958240784e-02	-1.496289320253131550e+00	-9.711683848577847833e-01	2.321763243090815720e+00	1.312985997104240576e+00	8.741837504880813070e-02	1.420072078417341288e+00	2.246990811256189602e+00
