1.177680717300231805e+01
-3.813105896399894057e+00
-1.438829838263457894e-01
1.685204602760289383e+00
1.830568924285272292e+00
-6.915646314127402716e-01
1.720554163134526249e+00
1.406512273392310775e-01
1.170577497818583268e+01
-1.778786513377905365e+01
-8.700140857463796173e-01
2.683019914118825788e+00
-1.102706052779726775e+01
3.602518467834318283e+00
-6.219280157146039656e+00
4.070437038433805554e+00
2.295087810536016626e+00
2.694375957721986126e-01
9.650993668982041029e+00
-1.825382764755310028e+00
-1.931586778719400321e+00
1.073667046382159995e+01
-7.548777989373080644e+00
1.102645673781638180e+01
-3.615312651323702831e+00
-7.445768980874133192e+00
-2.045512912275127348e+01
-2.237239343389700430e+00
4.753371411088980203e+00
1.087001000420134256e+00
-7.889439574119430088e-01
2.285655130668480695e+00
3.496896543749039576e-01
-8.368541939316736844e+00
6.774784895108792782e+00
-7.605797371798335149e+00
-3.180662240544323005e+00
-5.046073530158810883e+00
3.420281810575043213e+00
8.850792939622703415e+00
-1.172766685803210418e+00
3.172323452088154916e-01
-1.697440183559444593e+00
-1.339714613639074337e+01
3.447814402972197101e+00
-7.481670179569821499e+00
-1.202094714679414089e+00
-6.122027664092152932e+00
-2.650561606829842098e-01
-1.528016262450707874e+00
3.157812854834425753e+00
1.531305275303799451e+00
-2.170832433266328909e+00
-1.366614412224484099e+00
2.937686740196631785e+00
-7.568827747449986543e-01
8.320712307642404326e+00
-1.250604400796992977e+01
-6.248424691256246000e+00
-1.538654799313309285e-01
4.022470702748959681e+00
8.859940617991171052e-01
-9.308613616095104959e+00
6.036523766273584002e+00
1.134960263264256142e+00
-4.366370523846265783e+00
3.183624044197890246e-01
4.333295352655559540e-01
-5.543510476821258415e+00
-2.018395753958507566e+00
-1.412016648768542737e+01
-9.978225264486122459e-01
1.005818906913217958e+00
7.158931768796186645e+00
-1.172114847658965253e+01
-6.483131111843629668e+00
-1.310471768309448670e+00
-2.928910837709570281e+00
4.763118230507008555e-01
2.067221899768655557e+00
-8.543103125443670010e+00
-1.296086937677875639e+00
-1.049642773495197856e+00
4.505055917612799554e+00
1.124484269923724433e+01
-1.144428025862407772e+00
2.272624778801611178e+00
-3.162107263162494242e+00
1.186596946248895446e+00
2.252730707307069480e+00
2.716223940364648648e+00
-8.213276503767252379e+00
6.995672181505213416e+00
6.933048182192364628e+00
7.305001241151490632e+00
6.457279315893162064e+00
-9.527797900274022069e-01
6.419208482913233205e+00
-8.219344163834577444e+00
-5.040596825664499292e+00
-2.075575479646106558e+00
-4.149025045281462099e+00
-3.469358910452617017e+00
-1.280714736378240293e+00
6.514705892002887744e-01
6.898973168449925808e+00
-5.315064546988999439e+00
-1.462396518849218729e+00
9.487317775280544652e+00
-2.160712683206566176e+00
8.489126220942704748e+00
1.195322897734253509e+01
-1.751419888141583669e+00
-3.421607166885169971e+00
7.710053269059843117e+00
-8.035528152253110790e-01
6.335703169811818469e+00
4.215477777880655808e+00
4.026198983469522652e+00
-4.370199601106881104e+00
-5.892645626995146380e+00
-7.554838999635382635e+00
4.308218710291475517e+00
-3.011686759144860392e+00
3.243675016320405113e+00
1.741828241121964105e+00
6.415567301357421037e+00
-6.639433691608781274e+00
-7.274232267625060366e-01
-1.084211121648901965e+01
2.117790600614070762e+00
4.210322648475144369e-01
1.346241252942992794e+00
1.999095761133111271e+00
-6.460532022418852272e+00
-2.056361203718501507e+00
-1.210810699728739115e+00
-1.241490724724398476e+01
3.656861620110948508e+00
2.584274020949899775e+00
-3.784684469809907803e+00
-1.249672971055484805e+00
-1.773627856504106592e+00
4.149372699173364154e+00
-9.079020611994380374e+00
2.947071363850116921e+00
-8.233348166506821997e+00
-5.006567718949080259e+00
9.414638736177110445e+00
7.706535033412703628e-01
5.561598587508895797e+00
4.561219773717078318e+00
6.195214967024807784e+00
-2.618418210222412057e+00
1.305453458743699002e+01
1.470775523218771363e+00
1.006475861956117157e+01
5.999811005303925526e+00
5.668554360332867859e+00
-1.651746708987027468e+00
5.822168394674284819e+00
-3.304781031018531046e+00
3.437139244258255122e+00
-5.947625167612240027e+00
2.190698375201498127e+00
-1.284359632654096117e+01
-1.401774984295347304e+00
1.331251059764621836e+01
4.850918042383812079e+00
-4.837181575719400328e-01
-3.860009406641728091e+00
-5.658638045410050665e+00
4.017934151966326084e+00
7.971157116494757666e+00
-4.499075049664208237e+00
-6.512862303434369338e+00
-1.695876836304880841e+00
7.203270145113951806e+00
-2.189275924850641264e+00
-9.193754821554445122e-01
-7.298136206188994279e+00
5.685990260364604865e+00
-2.936345138370367813e+00
5.220687796110349943e+00
5.166531024788072912e+00
1.179740481619602654e+01
1.612262893150062215e+00
3.429670854198980212e+00
-9.070654855995762489e+00
5.748253721306230801e+00
1.075207674547543402e+00
-5.823144171561470017e+00
-1.442942677496269699e+00
-3.390828744717553356e+00
7.086997267709465476e+00
-3.043261266264516873e+00
2.838799302831398030e+00
3.684662287319977469e+00
-1.082292665311694080e+01
-1.336683664233396307e+01
