-1.133584164662078564e+00	2.471010946189339252e-01	-1.181294230450301352e+00	9.379625303993127661e-01	1.294162301122828040e+00	5.206341866782288053e-01	-5.224615323221505625e-02	1.148351259302187843e+00	-7.546400731814599805e-01	1.229269377643103622e+00
-1.566457285895820339e-01	1.151677240528896418e+00	-4.033806190554548032e-01	1.037682995474566994e-01	-7.883926168112200816e-01	-6.074165709093993365e-02	-1.035520894311545259e+00	2.920819996784390082e-01	1.014803073561968860e+00	1.355045030146132756e+00
-9.113903512891800007e-01	5.059909609870254510e-01	3.364450961465769580e-02	9.945860658757924577e-01	-6.470908400610584366e-01	1.918875968448775948e+00	-6.074676368971859697e-02	-1.375417480406942339e+00	1.993556905385747424e-01	-6.230461640654509914e-01
1.281431478188252537e+00	7.218770021638275525e-01	3.957624821267154425e-01	-2.340059358846027782e-01	-4.469409717029443896e-01	-1.445731194637772221e+00	1.922619038232546663e-03	-2.437653247272727475e-01	-4.823265718830162946e-02	4.536261312125703937e-01
-1.355310062105667512e+00	-2.084321602934639250e-01	2.735478488158477051e-01	-5.363373808130877940e-01	9.892964490385522947e-01	-9.684380199493149988e-01	-9.570599146254143985e-01	-2.466652532336154557e+00	-1.279618263054942862e+00	-1.308329210811623122e+00
-4.477085060169102571e-01	-1.665515225377592445e+00	1.276166579392866984e-01	1.386045959580661568e+00	-1.998817762085402516e-01	5.714524883084645124e-01	-8.205050590048240666e-01	3.770333167304298905e-01	6.035907334055621298e-01	1.698737457012001295e+00
2.461967110989140561e+00	2.721503896272949308e-01	6.801593794077477328e-01	1.618329207569438211e+00	-9.943809946445394399e-01	-5.638649301470949338e-01	7.936028308188063096e-02	1.264377855421365604e+00	-6.714024507703206246e-02	-3.457934500270292699e-01
-1.208492358666945904e-01	1.451516757304488703e+00	5.249616729840984597e-01	-4.138764810595403909e-01	-3.142423488519861530e-01	3.507231694370489539e-01	2.682578571973665560e-01	-8.750893725392161482e-01	1.144051568528484886e+00	2.973168425136446177e-02
-3.388693011309742986e-01	-1.931674891352884449e-01	7.802798963783135200e-01	-1.119515554219771447e+00	-1.202006910841054266e+00	-2.579730214410732025e-01	9.429403141991855586e-01	-5.415322640330117593e-02	-6.475565906515164949e-01	1.079498384189427895e+00
3.232673010922362256e-01	-9.892463060518864593e-01	-7.333528119396406364e-01	-7.635122154789900084e-02	1.392204625611975555e+00	-5.168168766320410112e-01	-3.189128045486145924e-01	1.139953076523582132e+00	-1.423805271129887418e+00	-5.128474145175103693e-01
-1.290351777157410451e+00	8.694260773375747098e-01	5.543146233737560220e-03	1.353475559800908778e-01	8.830076937603087428e-01	2.250902256543110269e-01	-9.111009404854371052e-01	-1.975354289902335747e-01	2.486996676782965709e-01	-1.602643270533596231e+00
-1.536876842935510634e+00	-9.574905592815579070e-01	-8.407870653566709152e-01	1.733162816304099296e+00	-1.206756297525704680e+00	-7.801418941396401352e-02	6.321559843912442078e-01	2.607052543389370980e-01	-1.190787815840999464e+00	-1.257130239805594352e+00
2.851642953385443713e-01	-1.815647937955240154e+00	-1.471535826756832088e-01	-9.083555182963132246e-01	-5.308911119549963864e-01	2.121988826527787531e+00	-1.742043885625231547e-02	-1.577017458454073928e+00	7.315899958869274133e-01	-9.447178159138371889e-01
2.171086789015865687e-03	2.350837373623372972e+00	-4.917288036134730422e-01	-1.352172096505347698e-01	9.784925098102735808e-01	5.460254257305519054e-01	-1.624729369506278998e+00	-1.680739448670588887e+00	1.228346546402138806e+00	-4.015954990722823692e-01
-2.139224518849007217e-01	1.132494597574306816e+00	1.408219863757071144e-01	-1.327500356749393484e+00	-6.555195025268685249e-01	8.189681529702339535e-01	-3.613113711347552548e-01	-2.126920645981616342e+00	-1.079887596089360358e+00	-1.696429121184823141e-01
-1.267585449869256697e+00	1.186261211819997358e-01	-1.930508834961800965e-02	7.491078726203344029e-01	5.579020541814820877e-01	-1.718547498756491931e+00	3.422730860267828024e-01	1.798119431880859542e+00	-8.543498198250868425e-01	-1.546469598285549640e+00
-2.533198484023991615e+00	1.605940900997077758e+00	2.365413937450713544e-01	3.896403180541656575e-01	7.456538340965410683e-01	-2.377572442551991738e+00	1.148794467675392728e+00	9.144412266735513217e-01	7.642372491365264642e-01	1.221420023977645153e-01
6.760759232215765024e-01	-1.033589876000579055e+00	-1.088019311761392549e+00	5.652845038907795827e-02	-1.127803466633044316e+00	-6.804859346306074697e-01	2.251712475717000395e-01	1.521090271681817097e+00	-6.160288320301686958e-03	-3.653991305949851331e-01
2.507451695141630132e+00	-7.821693179718970379e-01	1.277406549241082850e-02	2.664940775766802550e-01	-2.102787183911825619e-01	-1.024700374488384691e+00	-5.119765719163389406e-01	-5.684848385082269528e-01	-1.710333154980438808e+00	-2.190373912740394002e-01
8.266916478190104722e-02	-1.426578683701335892e+00	-2.008335105688139333e+00	-8.046747358146713602e-02	-3.433481630340090573e-02	5.339037602793162973e-01	-9.379989759709586039e-01	-1.283513498153683319e+00	-8.429981746064151293e-01	1.510840678531898851e+00
-2.018734007936936192e-01	-1.325564301048802740e+00	1.534600947348819577e+00	-5.097342486851594856e-01	-2.875131479340794494e-01	-8.071601871851471488e-01	-1.052504868161261209e+00	5.893260320997341095e-01	1.009916499664495149e+00	7.627055720674260630e-01
-3.948558879391247944e-01	-4.967784885709061737e-01	-2.125131015606876728e-01	4.924978192009112354e-01	-9.861192069854251008e-01	-3.933119242263732884e-01	6.951146897929352253e-01	-4.698535193028156032e-01	-8.786511272602991196e-02	-9.011316520881829106e-01
8.612162221896346379e-03	6.979135270752084841e-01	3.627902085903801366e-01	-2.014536494120976240e+00	-1.134484151480381398e+00	1.565713175162571025e+00	6.932473733984083342e-02	2.019983810558267034e+00	-5.887737869429128246e-01	1.011706059577214045e+00
-1.552847490728693991e+00	6.823638918233816408e-01	3.518669001476532610e-01	3.607018532129769306e-01	-2.156905800047556609e-01	-3.603515847106743553e-01	-2.961304942762763570e-01	-7.380917056750789795e-01	5.914423331555183905e-02	-2.131285171471272721e-01
-1.429109833624897963e+00	1.168023547289434472e+00	4.255491838220180623e-01	2.166304596036969579e-02	-1.576878669777975750e+00	1.169807953607950424e+00	-1.746221763291274431e+00	-6.732287636649003648e-01	-1.306343845700521644e+00	-1.196453338801755306e+00
2.219563847174904403e+00	-5.824600981614235229e-01	3.561121795720240818e-02	6.474559664113883201e-03	1.330944876418450606e+00	-5.164209830645110078e-01	-1.033712857549779374e+00	1.549855267414920745e-01	-4.690355706478689136e-03	3.658518410936932863e-01
-1.437610994095479100e+00	-1.944700141124638682e-01	-1.497349325724403601e-01	-1.902705154243782837e-01	1.616205624604158675e-01	1.122145842936431714e+00	-2.511064170432638146e-02	-6.895217706308491845e-01	6.151494348735013773e-01	1.587797471216160883e+00
-7.560621524178852138e-01	5.147156479541474816e-01	-6.999793086166949951e-01	9.215726930693797225e-01	-2.146689023022726184e-01	-3.948170272220071220e-01	1.306098302632239250e+00	-1.686109124499885759e-01	-6.878106184270249557e-01	1.474562850162083549e+00
3.075926541077946830e-01	-1.423161087659047253e+00	-1.115457016154652647e+00	3.437129244736735756e-01	1.223042683914042694e+00	-6.274372675448773862e-01	4.004022236782388555e-01	1.192976323921888238e+00	-2.106770240321684362e+00	5.905194908033541967e-01
-1.460784919778885582e+00	-5.671728482320267384e-01	-7.001328228416235644e-02	2.851779225371577353e-01	-2.025471589214303592e+00	-4.657277658958348943e-02	-1.652377118198892658e+00	-2.842627899402726532e-01	5.883444510307161979e-01	2.287092640612275740e-01
2.962375506125291547e-01	2.521085714642493425e+00	2.562341134213899640e-01	3.657988879304079899e-01	-6.255406813874171412e-01	1.479688107629638427e+00	-1.772183140496439713e-01	-1.379408718355873198e+00	1.996851688471732889e+00	1.023960606543317775e+00
1.364571427443695528e+00	7.357922404766146229e-01	9.718010896355530059e-01	4.948194242264918885e-01	8.116699795022487285e-01	-1.545173017191345366e+00	4.212933743699219802e-01	-1.198369515797611751e+00	-1.714223227334329925e-03	-2.593037982010015785e-01
1.324694623065871601e+00	3.543911225316501157e-01	-3.384528823387040197e-01	1.416553015856957032e+00	-8.139582811404063589e-01	-1.235123908723165520e-01	-1.098155498871972391e+00	1.069013220030484268e+00	-1.533095840247382213e+00	-6.983252091263332240e-01
-1.212034738351867452e-01	-8.733849692088196948e-01	-3.218626459288297381e-01	1.704999064794484598e-01	2.105446144427459976e-01	1.031831357602092936e-01	-1.497464186738455050e+00	3.544470822632696527e-01	7.919393355898717290e-01	1.278910690991014176e+00
2.343166831212188050e+00	5.715162469868841910e-01	6.037110354863465256e-01	-2.310420800085301596e-01	8.621557480655591688e-01	3.551104446699464567e-01	-5.074140675177100102e-01	1.833408932611749975e+00	8.230646000719399336e-02	-4.039693941337719751e-01
-6.421238259676691484e-01	1.756289059363744132e+00	5.373311513463536852e-03	-5.402417858614886326e-01	3.216762903692836906e-01	-6.753488129343229729e-02	1.920983531753965023e-01	-5.289792474876104933e-01	-1.800689608421997434e+00	7.853049861895357031e-01
1.146430767548831442e+00	2.311160793660976598e+00	4.949152743428739121e-01	-5.331186708034528765e-01	-6.724562143154557692e-01	2.447647677843071412e-01	1.739125549590172293e+00	4.575730711739696144e-01	-1.419350538169622089e+00	1.205091042959065772e+00
2.394774353140535494e-01	-3.001211469625471584e-01	-3.788381294662173104e-01	8.293833929056372289e-01	-4.550972052921793964e-01	1.303726279932043486e+00	-1.733402091754865648e-01	-8.948731621568348782e-01	-8.943115593966789456e-01	1.188961086661246336e+00
-2.324272484317124188e-01	9.075263979638167333e-01	4.034587345889144028e-01	5.971210239669212383e-01	-1.750585248380815528e+00	-8.621656033430529220e-01	-4.294024882156818324e-01	-4.899025903312362873e-01	4.191370308537118450e-01	1.418609693057328869e-01
-3.889130661158125557e-01	-9.621392462914203358e-01	-1.580253874162557359e+00	-9.905865172432162247e-01	-2.218387013428853860e-01	1.364764610319466165e+00	1.082619463192628029e+00	7.159835678349848465e-01	-7.204993893525109272e-02	-1.361614482836391637e+00
-3.205130205222014306e-01	-1.819078857766501578e+00	2.865188237508091706e-01	1.043265325351114603e+00	-5.880010750166229094e-01	2.486542234187747447e-01	-7.353457813342486604e-01	-1.951299391017081941e+00	2.076127085864095445e+00	-1.236244477721146318e+00
5.984732049365143469e-01	-3.070290933009682255e-01	1.249041261464222563e+00	5.957158649114687732e-01	-8.775653826628178056e-01	3.180960441020473928e-01	3.918817923671193970e-01	2.616924461580427130e-01	-1.141550850354126956e+00	2.293125257842988374e-01
1.808895671602131605e+00	-3.626367814809280249e-02	4.516390018475484047e-01	1.364259463115063076e+00	-4.452020087916990776e-01	-2.151352712823879354e-01	1.650940177398836084e-01	-4.594196598973705470e-01	6.313943052096011588e-01	6.836089800124482974e-01
-7.383108059937666390e-01	1.078477902325623017e+00	-7.543458300400941452e-01	-1.193523568825266140e-01	-4.804843410383483615e-01	7.945495221254851581e-02	1.579990565455293483e+00	-1.470438771815354650e+00	3.228585727487724433e-01	-5.308324386424887464e-01
4.182082179138316841e-02	-9.530942439127860766e-01	-1.058034141159749052e-02	8.533923954764153219e-01	-6.822116078468085654e-01	-2.633950621791684155e-01	-8.717136971391411526e-01	5.632904005920047474e-01	-1.230470426716901322e+00	-8.388108842897729067e-01
3.529568528079353729e-01	-1.500031977127670002e+00	-5.104706813779507080e-01	-5.688547961169457823e-01	-2.621722541932642453e-02	-5.132363715106266211e-01	8.197395964594265116e-01	1.771785179853338832e+00	3.754116402480925374e-01	6.815312978072609607e-01
-2.046984283736769383e-01	-1.110532802741499125e+00	2.495276383083040173e-01	-1.300418773975066333e+00	-1.325120707521051377e+00	-1.003306605108667870e+00	7.040655080522532083e-01	8.481921118308775875e-02	-7.749610782773190820e-01	5.155367832880207724e-01
-1.723314175797544534e+00	-9.513916256395682503e-01	2.258278916713935547e-01	-1.790500842904859391e-01	-1.040543851892275162e+00	1.685645584771367167e+00	1.929508858935056193e-01	-1.923492821759442029e+00	-9.493227642405294153e-01	4.800670686088283068e-01
-1.284450811127556269e-01	1.456006354511436340e+00	-2.085063499792637831e+00	-4.438792017997164052e-01	-3.708519301981235694e-01	-1.745750395318646175e+00	-1.066325007743960107e+00	-2.557880212640872286e-01	-2.659512844395725203e-02	1.373762527049235072e+00
-1.114129220369926565e-01	2.717312187299634751e-01	6.992399819873211797e-01	-1.351736399144532141e+00	4.599016591159644229e-01	-1.374591597770646878e+00	-2.534123242303681911e-01	-2.291645931503105138e-01	-2.503959181408187962e-01	1.410333553266022166e+00
-1.776270194367918887e+00	-1.571862218646644216e+00	1.135486284188420569e+00	-1.039103375427388398e+00	2.009674082794130179e+00	-1.929434167732516359e-01	7.244610211162028079e-01	4.863867097537424300e-01	-1.166412070122734290e+00	-6.377907004888768716e-01
-1.023320236565130187e-01	1.599091742742251299e+00	-6.999868307333899642e-01	-1.169545984825834717e+00	1.111987942449338407e+00	1.547964062724781042e+00	-6.837232712797053358e-01	-9.791146611604694128e-01	-2.326239015619215311e-01	1.852617526975715911e+00
-3.501971593023654461e-01	-3.183083920347047902e-01	6.946258914995069311e-01	6.896128511004981920e-01	2.032559393298312769e-02	-1.308841002739026704e+00	6.261082902892320945e-01	-6.266450051868880378e-01	-5.966916563697077791e-01	9.826887407265892938e-01
-1.003479453416477485e+00	1.677548976416186166e+00	1.295273730094521625e+00	-2.637157767267027886e+00	-6.425951569384432682e-01	-5.220783891603064664e-01	2.181939480169630408e-01	-5.899888055602151571e-01	-8.957533173163172435e-01	-2.481321274131007559e-01
3.494502342557360142e-01	1.375736559586981933e+00	5.488080453819259574e-01	-1.660178038435351777e-01	-2.568663380139994512e+00	-1.144836709085219617e+00	6.759563822978463810e-01	1.127719418346284468e-02	1.406505896527533217e+00	-9.312092663480132648e-01
1.913822433480616647e+00	1.026944039795262276e+00	-1.401443913360788107e-01	-2.443932723318975153e+00	-5.419309403150637250e-01	-1.262930925500437729e+00	-4.512060185604432339e-01	5.118643311403118235e-01	1.179007932962856442e+00	-1.965609839760007693e+00
-1.782754056026148726e-01	5.762300426642745776e-01	1.181116155630406728e-01	-8.882192193563975824e-01	5.171387297114607984e-01	1.554611089097233778e+00	-3.039446385623008062e-01	4.861917439326198798e-01	-7.683313312438094789e-01	2.588657820236817120e-01
-1.597118964247242756e+00	-1.536114679893417836e-02	-1.627893385130970705e-01	5.770441053305875867e-01	1.187042263552182897e+00	-2.693004180760983912e-01	4.932505856752064100e-01	1.012616513592287548e+00	1.888905237786509650e+00	-1.263469276838753208e+00
4.479543319761246645e-01	-7.923254661898558870e-01	9.302759548305670201e-01	4.656673686818985636e-01	-1.546021972206007844e-01	2.753348387306842060e-01	6.098205853374544239e-01	-1.093619109933160916e+00	-2.837816396961820309e-01	1.370797705612144535e+00
-1.262472284760600694e+00	2.677745272630983608e-01	-9.698011623985007823e-01	4.256252303973944578e-02	-8.161980728342601576e-01	2.530706195081270926e-01	-7.106388128814493665e-01	-6.268746007494570005e-01	1.979840579540979029e-01	8.320906349008433400e-01
-1.117431635720577271e-01	4.822116082440062734e-01	1.073983375757457059e+00	1.634534628865801087e-01	-2.223103343907500307e+00	1.150380276522327661e+00	1.959607606931289270e-01	1.418051184712314748e-02	8.048098959870215729e-01	1.094871955262696206e+00
-5.973803065785777688e-01	1.318840437910622221e+00	-6.734150143503221386e-01	4.389333372049675774e-01	-7.490241176058937134e-01	-1.339332603867067428e+00	-5.792701039047989386e-01	-5.296289241628052702e-01	-6.794246783522097655e-01	1.995701579817556137e+00
1.377580282991502258e+00	1.486068641915051780e-01	-6.812631793513698186e-01	1.187957837269479011e+00	6.834148038061885755e-01	1.765236530319852282e+00	-1.083060159365542674e+00	-8.977862821322540876e-01	-5.701757827985053789e-02	-4.349707850492080807e-02
-2.039406104491783139e-02	-6.201332922815370186e-01	9.924732335738196687e-01	-1.685116558423639166e+00	8.853944790420990030e-01	-6.184944760864115321e-02	-2.536706041807307854e-01	2.392537335059337633e-01	7.796320645054013454e-01	8.107929568959945099e-01
-2.491174864668816546e+00	-4.861307670656636604e-01	4.807754168742353618e-01	1.231803303462055271e-01	-8.309241061522637528e-01	-4.050121780513097347e-01	8.638222378444483374e-01	-5.176173309335038164e-01	-1.290704975967352786e+00	-7.122309337123661210e-02
1.086787243247731016e-01	-8.933035176448407277e-01	2.430120934544481026e-01	-2.468822656516847514e-01	6.245376326568745640e-01	1.761392922855867793e+00	2.123514145746058013e+00	1.444947813091357058e-01	1.264993774856879361e+00	5.902368311500261200e-01
5.983591321788296336e-01	1.164630547076400680e+00	-1.550723340553481266e+00	3.827281344600587110e-01	1.540743121020699824e-01	-2.912581866636037783e-02	-2.802656238111579934e-01	-5.618157009395710055e-01	7.361078139222269057e-01	4.568354400568196971e-01
-1.335888165191058352e+00	-1.591368781975913693e-01	2.755147376955979777e-01	9.805258457024323970e-01	-7.440089622449278517e-01	1.919383300606868126e+00	2.223650251344516882e+00	3.330982585221916037e-01	-1.225781829380487631e+00	-8.356093064918844737e-01
6.001971255618396839e-01	-6.560480588809662894e-01	-8.667514360852947020e-01	-3.583716726062273761e-01	3.046869023032964918e+00	2.714437401357626678e-01	1.632633237125294678e-01	1.274525029268990695e+00	3.334147255082660632e-01	-8.186732980107375157e-01
-9.357000783851400216e-01	-8.031080552708939058e-01	5.341509765291188039e-01	7.064846334864207655e-01	-1.819088594444245033e-01	-1.950732611809173678e+00	-8.136034412037945751e-01	-7.950445973096571528e-01	6.295970685523230026e-01	-2.081329482419153720e+00
-1.042539945309556959e+00	-1.904293564663668059e+00	1.256994355672559349e+00	-9.189204896654377119e-01	-5.716684936217558688e-01	8.817124602136676703e-01	-1.520321625007320820e+00	-1.644188281422526154e+00	6.445906926691840066e-01	2.700424287028809545e+00
5.687731477832390359e-02	-7.525207987421158595e-01	-4.999130713280675042e-01	1.000199628436173160e+00	-2.003643716193568430e-02	1.949613551383956034e-01	1.126624709841089533e+00	-3.457005119685923056e-01	1.481114703419087686e+00	1.403167636874497415e+00
-4.630790824099276781e-01	4.942713622373869908e-01	1.029010454559777576e+00	1.536029171808708238e+00	4.423873534497898552e-01	-1.338905494224112092e+00	1.191203824505227882e+00	2.388998432130186256e+00	6.508980131627600807e-01	-1.341990365896174486e+00
1.833243437537418252e+00	9.158998752403564314e-01	-5.161445395690906768e-01	-1.016691363868298392e+00	8.560135772033521384e-01	7.119602904997521797e-01	-2.100701767346791204e-01	9.142010588747850885e-01	1.476473331673408829e-01	1.865905470367871022e+00
-1.121193257790066733e+00	4.366316203497013770e-01	8.892780529457622318e-01	-5.032641207243623294e-01	-1.808841265172335566e+00	1.005232413471464359e-01	-2.860419308531495508e-01	3.969130269948110135e-01	-9.495701572118940836e-01	-9.292965689853649458e-01
-1.467929002130899496e+00	2.059420406837644713e+00	4.520439353298532081e-01	-3.231745722919538433e-01	8.848713173993218994e-01	6.351295417134309451e-01	9.834812101689713870e-01	1.688717310527727000e-01	2.304009241110987760e-01	8.041695973832698741e-01
7.871171182158170909e-01	-1.343898042259185965e+00	3.196606611429007594e-01	-2.490700418374795222e-01	2.400419558224587413e-01	-1.284557810050624305e+00	-1.248930900224534346e+00	-4.373233736257212123e-01	1.924959066161535448e+00	-1.109750647579480054e+00
1.819634147524278545e+00	3.039230496609726107e+00	1.720846412409488657e+00	8.491538283783879315e-01	-1.770882067356956080e+00	6.246064917634547992e-02	-1.237318426474127708e+00	2.027986641299629245e+00	-6.360944815410524145e-01	4.137105319746092746e-01
5.433692386217912063e-01	-3.941395787089617686e-01	-4.013852614519644590e-01	1.224056254601760152e+00	6.677019783049946422e-02	7.402441036537813490e-01	-1.291956416971664412e+00	3.386141638675283644e-02	-5.289216257858078002e-02	-8.408663722052895917e-01
-4.898189092562221236e-01	-5.172674472282563773e-02	-1.712779203357174485e+00	-1.777208587192110389e+00	-5.677938705917540130e-01	-1.954409888998183409e-01	-1.134601803562472755e+00	-1.785675114635046024e+00	-1.879185523658629897e+00	-1.091590790247332077e-01
-4.182828107794039352e-01	-3.141544628491536706e+00	-2.367792898484812003e+00	-2.026542748198495725e-01	-1.531918690354769241e+00	1.449041011753477326e+00	-5.042677862867603888e-01	-7.754278236951780423e-01	-9.999970521584370386e-01	3.470750829808744720e-01
7.910912857491118055e-01	-1.522214433462271588e+00	1.047185956685640962e+00	-2.506458061377744073e+00	3.957285596544394268e-01	-2.117535689064018012e+00	2.083088824633383407e-01	-5.667076115928892932e-01	-2.584606509143299036e-01	3.306848507712359386e-01
-1.405113243148617963e+00	-2.740365588073584990e-01	-6.935757888430012230e-02	1.796462356489550105e+00	-3.732732710369467410e-01	1.305363046865417043e-01	6.924428406641723877e-01	1.230340467709521990e+00	-8.599826017241480880e-01	1.445263544146456969e+00
1.737486437161605668e+00	-6.852887439139543346e-01	-6.768767520835460294e-01	1.032925447916304140e+00	-2.625590681760339717e-01	7.929986585629598128e-01	-1.017587171824180681e+00	-2.928534984707003019e-01	-4.860944138379082180e-02	7.670205055098107128e-01
-1.220731127686334405e+00	3.340858118157032375e-01	3.103894856663607094e-01	-6.186460008823283507e-01	-4.448109062733240915e-01	1.388234181529545364e+00	-5.133454094490417230e-01	-2.502503637148884019e-01	1.764015361470602006e+00	4.850891668468240159e-01
-1.617326603453799194e+00	3.603752166192558670e-01	-4.829644027595532685e-01	7.502906997045658555e-01	-5.398585407623295307e-01	8.707859106477946476e-01	7.681415904278987572e-01	-1.002846959923066938e+00	-9.045016288424722051e-01	-1.256806095505381249e+00
-1.150798541728315361e-01	2.154728530770403161e+00	-5.434674603662784653e-01	6.580337125844260004e-01	7.867896777374247530e-02	3.395869059478580643e-01	6.654371036523965000e-02	-1.328378120630441028e+00	-2.729473288165600309e-01	9.760591093307935395e-01
9.664583209918846674e-01	8.381618811934595792e-01	5.287610994179776647e-01	-4.998059980075356123e-01	-1.413989260776574941e+00	-1.810941218648658702e-01	3.181568975573021429e-01	-5.295045597784939773e-01	1.208422211253687095e+00	1.278287493805815300e-01
1.064527332597907244e-01	-4.156382474328727539e-01	-2.545272089597755971e-01	-3.174493734259522526e-01	9.036602969398963570e-01	-4.996920440354832849e-01	-5.953629665870813215e-01	1.158060407688345173e+00	-2.585915646981730709e-01	-1.427634098746596525e+00
-8.046701061118497478e-01	2.052621709760875213e+00	-2.501750181114021032e+00	-4.940414419415898317e-01	-1.725838766008752412e+00	5.819382214799199288e-02	-7.637870621116265024e-01	2.100760753854133134e-01	-9.614933818693081058e-01	-6.620357323461868726e-02
1.630647114504313544e+00	-2.674239876253369785e-01	3.700286500155751113e-01	-4.671047876416233036e-02	-8.510857113901999504e-01	-8.976973483379973029e-01	-2.515966615179232591e-01	8.198379934676275349e-02	-8.123732499537311691e-01	-9.865374543231623106e-01
-8.180370095237315953e-01	5.192208319355946511e-01	-1.629823717818035034e+00	-1.130010950290097210e-01	-1.477721170702072984e+00	2.307637408812320545e-01	-1.039312539274069414e+00	-1.163035612957188158e+00	-3.879139018013810225e-01	-4.792840789344867680e-01
-3.858938418271800064e-01	-3.616483725634146440e-01	-6.018886555343583820e-03	3.311532441170609298e-01	-3.676368315313748303e-01	7.311424705919620237e-01	3.531370968954202216e-01	-7.743696894105200901e-01	4.583604122679466042e-01	9.907550759387084849e-01
-7.076428338636377990e-01	-4.582522106689170260e-01	-1.345679633600425307e+00	-4.968308634476216734e-01	-5.756973925375986623e-01	-1.458221017970424971e-01	6.008238830584946566e-01	3.242674685209225027e-02	-1.126872369642518912e+00	6.175732007425488446e-01
-1.228217521143706081e+00	8.259651933599008178e-01	1.752995441749796823e+00	-3.015614913286871965e-02	1.113722147559755848e-01	-7.647014480281464355e-01	4.797676769069728619e-01	-1.540951229366000486e-01	-8.532434134726879504e-01	7.439033621112652872e-01
6.375114561262580359e-01	-9.467799420938450838e-01	6.145588534662493885e-01	-2.777318214695096432e-01	-5.612290800822051784e-01	8.049087766326906701e-02	2.866674798653222611e-01	1.503267733312326548e+00	7.681883478017434985e-01	-2.016193847590901811e+00
1.740701290227307352e+00	9.667196716442709725e-01	-9.359394647762576958e-02	-6.688203353354339464e-01	8.256679549798016104e-01	-7.738602769117007840e-01	-6.093579054636049097e-01	1.793262591366286962e-01	2.066120153599519949e+00	-1.625709470401831114e+00
-9.041615003072168699e-01	6.435201884307850673e-01	-4.045696122732450606e-01	1.711905341838964700e+00	1.017222643202663868e+00	-1.056891439721088094e-01	-2.810585449000811420e-01	1.256724599772893747e+00	-8.271444499888265245e-01	1.646304348021904396e+00
-9.582900633015115632e-01	4.877339847457835553e-01	-9.296233526043009565e-01	1.616731066941576422e+00	-7.085279551622173377e-01	-4.053097170281101391e-01	4.743849070253163824e-01	2.867278003541851028e+00	1.142783204929450624e+00	2.935711612968875950e-01
-1.022989639286237956e-01	6.669087580732998566e-01	-1.845357496999432412e+00	-9.191861279455654232e-01	5.276381148004732902e-01	-1.116034952209755404e-01	1.202421408673072678e+00	3.545972902662343218e-01	4.794488331637214995e-01	-1.825097184870196676e+00
-1.891099659094628085e-02	-1.057202135071768634e+00	-9.976750575010577826e-01	-3.847715036481921258e-01	1.235942159467976059e-01	-7.155928767214885244e-01	-1.318585327088939163e+00	-1.023985173547983241e+00	-1.604394801420198968e+00	1.978698086365910935e-01
3.296008691947892033e-01	8.716567446464996635e-03	-1.269544915841990695e+00	7.471733129166076015e-01	4.077927584146474604e-01	-1.253419779507976894e+00	-4.165769078168282680e-01	7.166460206093053786e-01	1.586950681199526259e-01	-1.168840109004064320e+00
3.761645498817099420e-01	-8.417956446333810794e-01	-5.402249382016159895e-01	-1.261813102588250191e+00	-4.851702779629196716e-01	4.163944673326151480e-01	1.089069336347091799e+00	1.655388421412540279e-01	9.873006354907132298e-01	1.815512176998695937e-01
-4.449209157497038825e-01	-8.176232648490096011e-01	8.215405515998705499e-02	3.914621714009555720e-01	1.346154761569142932e+00	-5.372506738891526246e-02	4.619216575366780903e-02	-2.507594911873889831e+00	5.791936204093114382e-01	-1.096276706947882262e+00
7.511944422789873510e-01	-1.441460953173350878e+00	5.024518618243680734e-01	-1.305552851879216769e+00	3.983477243979082760e-01	-6.923073030111481785e-01	-1.030625751201797113e+00	-7.915760290321028902e-01	-1.711293210981312596e+00	1.047435119032517625e-01
3.945229993580532390e-01	2.714515065593042564e+00	5.923875842884765985e-01	6.164228216280764894e-01	-4.268672180324672438e-01	1.859947759149233604e-01	-9.042234979757952928e-02	1.242166410054732939e+00	1.843003564967255370e+00	-7.676444367159743765e-01
6.661896575184306224e-01	-3.097426220753876080e-01	1.086992063719697699e+00	3.259001463808405830e-01	-8.772739227075651014e-01	1.128719628325796309e+00	1.491763454542731626e-01	-1.504310943827187330e+00	-1.768521681624684871e-01	-6.395258373724702627e-01
5.552524023189086000e-01	-2.203975184999132253e+00	1.049819339086721426e+00	5.675130375329704435e-01	-2.770160996708806445e-01	7.939553144800282070e-02	-5.852726437032341744e-01	-2.832265266622765232e+00	2.225710102019139658e+00	5.781882366927350025e-01
-4.228546932170423323e-01	-1.815266320908529851e-01	3.719914758104033159e-01	1.133063313359921886e-01	-8.651320637513901790e-01	2.158750325613667809e-01	-2.141876279765680291e+00	-4.468600307006344030e-01	1.336406679910500772e+00	-1.059732948946879638e+00
-1.029715878023093278e+00	6.062271560638819029e-02	-1.011580693278109289e+00	-5.708986142223277938e-01	1.226428383261859656e+00	-6.401930355180875110e-02	-5.620348214127897368e-02	-1.128507530912997048e+00	1.291279377587020605e+00	-1.052005766528440578e+00
3.006063431043011769e-01	1.148248835434842574e+00	-4.779558527436813531e-01	-1.362204697994897851e+00	-5.049863222206547181e-02	-5.478691929562585772e-01	-6.598187631979910428e-01	-7.305620017961257373e-01	-6.966448095946693453e-01	-1.084576443560496678e-01
-1.234770385822777872e+00	-1.779004387699132161e+00	-1.454876410794551933e-01	1.047391992959879836e+00	1.735396515841605702e-01	-2.983233029856114271e+00	-5.293243720381116679e-01	6.441153504373277050e-01	-2.178740417049462585e-01	6.556071118972330858e-01
2.911293931221455855e-01	8.440868032595010284e-01	-1.022147388345826080e+00	1.667957797764948236e+00	1.772814379602986323e-01	4.754631006183472897e-01	-1.838228252863000067e+00	1.178610365011086847e-01	-6.093372787037492078e-01	2.083233399191058766e+00
1.653551256683775561e+00	-9.850475640600849792e-01	1.632687955107458899e+00	1.884333170519126632e+00	1.479555995357658915e+00	2.118100078400198816e-01	-1.268064144668972770e-01	1.038118321283982626e+00	-6.699237123141329464e-01	-9.638208667300407484e-01
1.568006920986608543e+00	-8.438164133316321258e-02	-2.489997134966841497e-01	2.938852513028412106e-01	3.247273564147436509e-01	7.574621208476826073e-01	-1.849126446272060242e+00	-5.583289041851541290e-01	6.978476216793160214e-01	-2.062907921620641183e+00
-3.110180729244671483e-01	-3.845905532122698700e-01	7.295454589199368289e-01	1.087044428980496580e+00	-1.412405228729279205e+00	-6.815614477967988361e-01	3.797463859521663793e-02	4.919932416176947543e-01	2.092981711062585237e+00	-6.185212910774074979e-01
-2.407212720796787941e+00	8.922642829903010275e-01	1.491334772539423037e+00	1.886768185596867875e+00	1.844095255244300624e+00	-2.231901636752813278e-01	1.382314107219605015e+00	-1.290450801748892706e+00	-8.097521201013198056e-01	3.459591142235541872e-01
6.277708902065305407e-01	-5.348431861431421908e-01	-4.241667978360676994e-01	7.657721009018949587e-01	2.370573377354096234e+00	-2.501711263166772170e+00	1.239391730550561538e-01	-5.475092741887894743e-01	1.941326433743786550e+00	-1.319635925450151293e+00
5.637139747461679118e-01	-3.762049710972063532e-01	2.888946757412459432e-01	-3.348425284454717987e-01	-1.939196892597114530e-01	1.091293927807459152e+00	-1.702113889567706595e+00	1.385979216417317250e+00	-6.256160170486683991e-02	4.664426140807347854e-01
-1.100995825789774729e+00	-1.262915794804356784e-01	1.221511700608110651e+00	9.244795199280418929e-01	1.174356927863007272e+00	2.219668565674294047e+00	-1.399824321929044324e-01	-4.215341750719455716e-01	-1.981646942806384593e-01	1.160122592309847489e+00
-1.882365358222316321e+00	9.196645720597405038e-01	-5.443233647491131366e-01	1.864637837253687314e-01	1.601707100283978891e-01	-1.874344797311437161e-01	1.877540306226682665e+00	2.549317848557677291e-01	3.103716057145077811e-01	-5.964450948661729202e-01
1.725192658361139955e-02	-3.515444413573271532e-01	-1.740061547061945157e+00	1.231084764855005398e+00	-1.055791018397690406e-01	7.317187380955145759e-01	1.308302038048257065e+00	-9.173857259097641936e-01	-1.144213714590444964e+00	-8.486642187457080211e-02
4.900696273871542052e-01	1.603857784781762108e+00	1.200256275765498593e-01	-1.264974047047351391e+00	-5.079327210342762244e-01	6.473672118107014484e-01	-2.938258335229820828e-01	-5.753164818334793873e-01	1.094217971903410858e+00	1.213468179291700144e+00
-9.256320431830912243e-01	1.037827380055018844e+00	-2.454319673986562200e-01	-3.921550978829866918e-01	-5.613271601388905019e-01	1.526632505068972856e+00	-6.744412364849712294e-01	-8.391992798670300235e-02	-1.042225426961762846e-01	7.703321932371313130e-01
1.353055525648729551e+00	-5.170381710388591845e-01	2.315465636461563115e+00	4.283955721604308930e-01	1.092766690936063656e-01	2.680104243283535914e-01	-5.635708325524209084e-01	2.649740428072851484e-01	-2.967003680746377325e-01	9.893601791822225211e-01
6.504459827540777228e-01	-8.138046186988242559e-01	1.570347880445435607e+00	1.504712482370114124e+00	-1.670227659024845768e-01	-3.429586864399161716e-02	-2.665774649377783412e-01	-6.639739940782501959e-01	4.310026919333319051e-01	4.322929013950008725e-01
3.156992852581780862e-01	-6.289323128452981582e-01	6.940705084404382719e-01	-8.516713603290857471e-01	-5.679704353091550306e-01	-2.432556913262728049e+00	3.060834755495754900e-01	1.757770270786456202e+00	-1.719310957969673037e+00	-6.001997678949289039e-01
2.481594928494021080e+00	-1.151994098331603711e+00	5.033287356219222630e-01	9.918593096979770873e-01	6.310080577272770830e-01	-4.822870388192591617e-01	-8.244607513165963519e-01	-1.287097976618213346e+00	-5.610704887623790826e-01	1.315378600691136768e+00
-8.565004972247077797e-01	-2.901455612064604561e-01	3.510772287319331442e-01	5.350443665415843819e-01	1.175876564726858198e-01	-2.558696284491730477e+00	-6.306181369695533778e-01	-1.451373299501880654e+00	-7.870971628520607999e-02	-1.718245791674996026e+00
-1.796454456803554978e+00	-1.013832205018459831e+00	-1.361668223514736820e+00	-6.201376015814942244e-01	-1.537136003781111704e+00	4.716669284040770349e-01	-5.480025164272535332e-02	-1.618864205818071778e+00	2.408387063375812875e+00	2.018194362508922257e+00
-1.535161090906154602e+00	1.472491194712538309e+00	8.858680044474956938e-01	-1.478357530158073418e-01	8.902405482952172600e-01	-5.344055467810294724e-01	7.840028368162154093e-01	2.293702900755351937e-01	-1.046481687468941324e+00	-2.761641893958172167e-01
3.105877994395598307e-01	4.285389673208473971e-01	2.678687049282396093e-01	-1.073487401871971336e+00	1.130118748284135166e-01	-7.320443357686162722e-01	-6.521277084215788555e-01	-1.240545704729158621e-01	3.765736515467157930e-01	8.484246748844400665e-01
1.820286907064244453e+00	7.263170257000950425e-01	8.406533861622045301e-01	4.865661414869955070e-01	1.116092974962251905e+00	-4.745743982328585742e-01	9.335247707900605763e-01	-8.159884093227405266e-01	-1.110685577683378833e+00	-1.004839690207348202e+00
1.993736672746741420e-02	-1.397539600664819526e+00	3.696221048268084619e-01	1.720074674754199062e+00	-2.239656587144630839e-01	-6.048357528789871651e-01	3.872472808931683996e-01	-4.136524482184474882e-01	2.480086025316901588e-01	7.750158678353330499e-01
-3.173182170236477639e-01	-5.254616191253256297e-01	5.624491348244500255e-01	9.786593343249130328e-01	4.708060406735665726e-01	-1.486450925792917710e+00	-1.839936624102862739e+00	-1.189530089147727843e+00	-1.955539686128215104e-01	8.795109022584149949e-01
-6.932144695161610581e-01	-7.579639643962245987e-01	-2.243352514759856808e-01	2.120464249616740737e+00	-3.682130466535921132e-01	-1.916324363542223130e+00	-1.591837752494100977e+00	6.556731863587295095e-01	1.053126604548694667e+00	1.049923588968313615e+00
3.585193247344073963e-01	1.456262475444805027e-01	-7.078962415427449140e-02	-1.211715836392185663e-01	-1.501526892259520407e+00	-1.815130846394257702e+00	-1.558630662890614360e-01	7.282097298460977752e-01	1.361404927702689172e+00	1.215894713046775877e+00
6.820073353392903659e-01	3.511838483554441948e-01	-9.701756645311157001e-01	7.766808063499021086e-01	6.222203963413872607e-01	1.681787009286367374e-01	-2.556024495735437219e-01	2.108685215118306644e+00	-1.585589921353862675e+00	1.487666256380808794e-01
9.571071107755259044e-01	-1.494302808932366888e+00	5.587353321464814115e-01	-1.293031891751017737e+00	-6.157492678423884258e-02	-7.645140622689275967e-01	2.761969471976327695e-01	4.866144376661777904e-01	9.298863397529449903e-01	-1.301509065245410879e-01
-8.518576828634982778e-02	6.212259840880292316e-02	-4.081471414559046940e-01	-1.908051161056909528e+00	-2.055507154587416507e-01	1.779920714562990502e+00	-1.310313370812397293e+00	-2.759035822581316633e-01	-1.987629752479951883e-01	8.747500982411756665e-01
-1.378024914463489958e+00	5.750329013194539485e-01	-1.472116875818422876e+00	9.500220281311371195e-01	-4.389448263311995224e-01	1.002046421609276428e-01	-5.693778577324229984e-01	-1.294506775092566730e+00	-4.820763268575955496e-01	7.717111977621625707e-01
-1.206778816780893493e+00	2.653039403581992861e+00	-2.537484091659370833e+00	4.837139526489547259e-01	5.641507704480530627e-01	1.282894520745917255e+00	-1.049815500979704330e+00	-2.726182544230278393e-01	-1.097656682684512885e+00	6.264841879786448020e-01
7.620924477471084924e-01	7.100586485564323036e-01	1.547542820496986105e+00	-3.647158966627197518e-01	8.716457940371914459e-01	-9.235594710054333412e-01	1.814315254443835235e+00	1.913847267217303250e+00	-2.359307867858744245e-01	8.981188558464604510e-01
1.002919217285653142e+00	-3.292709659374438713e-01	-9.109572671996550852e-01	-1.999130512549453398e+00	1.705956357799173428e+00	-1.257595157447405354e+00	2.277842452524027728e+00	-3.813466903183768686e-01	-5.625875506965886119e-01	-8.516943750653800382e-01
-6.646068154631871172e-01	-1.638077445342455141e+00	1.808138492577569534e-01	-8.200825170327492586e-01	-1.439996763844121619e-01	2.807000547569022397e-01	-9.712647479070442014e-01	8.745181253885477846e-01	-2.816852183000744803e-01	1.014324832082187822e+00
-1.071533880814102169e+00	-2.704527156452181114e+00	-2.888167185559405437e-01	-6.923375814872408107e-02	-4.154600202239625562e-01	-7.605388072704186708e-01	-1.355890852897697174e+00	-6.789891553708685690e-01	-9.726351833026691818e-01	3.295322541435892760e-01
-7.039968734378572179e-01	-1.897617507239348911e-01	-3.024363935571267037e-01	1.321427662419276006e+00	-7.552125143820416497e-02	2.679566404488386677e+00	-6.532833913053007757e-01	3.790992400044301824e-01	4.523857079160164552e-01	1.733291506707294483e+00
-8.147827337424878857e-01	2.327219328208902371e-01	-3.700463340141691426e-01	-3.946025103387930666e-01	4.353837740343302065e-01	-3.055414793783686744e-01	-7.326532589416218100e-01	4.592257011934016697e-01	2.243237261811348748e+00	-6.716079958041086539e-02
4.627547973242261414e-01	-1.933084320832225256e+00	-2.212356386984819068e+00	3.487857650517691144e-01	-2.907343691476215949e-02	-1.651780992353209188e+00	-4.846711899412382563e-01	-2.535716928014872806e-01	8.806166638870606134e-01	1.632360846368114959e+00
1.074434637998162190e+00	-2.355341314218330151e+00	-1.112151784933165910e+00	1.747356878556884707e+00	-9.151686786331873769e-02	5.434873270927952360e-01	-1.400358534450911963e+00	-1.525695665335316531e-01	1.454115416774848901e+00	2.638460370099616203e-01
1.190445936524201276e+00	2.334847231049926031e-02	-5.020632272176763777e-01	2.855272822878920369e-01	2.038953608638432335e+00	4.863045500328179727e-01	-2.290889718585769896e-01	-5.069751072905006595e-01	-9.546202876920802938e-01	-1.181178137316532872e+00
1.120090795148318774e+00	5.454279469693396748e-02	1.360115624969448489e-01	-1.860127782238904626e+00	-3.685745123981276627e-01	-2.799562507708084486e-02	1.154335581806128053e+00	-6.909270606707456075e-01	7.410175164487459165e-01	5.492740266632637480e-01
9.168825385417632423e-02	6.961233314956506435e-01	-6.580016596785904781e-01	-4.044437172557601712e-01	-1.106673050445585504e+00	-1.706390312584469271e+00	7.304478913599223855e-01	-2.403287996847321306e+00	-5.574004964322011313e-01	5.874900316298562464e-01
-7.923906083180075333e-03	7.924318924688243948e-01	-1.011557717953035063e+00	-3.404615742534228273e-01	1.698725386525082037e-01	-5.512479452456086060e-01	-9.752040523664819160e-02	-8.045941746941258632e-01	-4.156723620985988132e-01	-6.537895654809358637e-02
-8.492259898252197958e-01	2.027001290774045339e-01	8.015648056337152383e-01	-5.543470686930605101e-02	-8.800708766501670333e-01	4.302613970993002246e-01	5.551253396829718412e-01	2.802442986079640153e-01	-7.392924447074152028e-02	1.982163195587876681e+00
-1.070873722980468123e+00	-3.772639501395295691e-01	-1.859359460406138309e+00	-1.081921103784533544e+00	4.260659018155835143e-01	1.536758565208971472e+00	-2.462092658343685014e-01	-5.798094969075870964e-01	-6.799154171150699755e-01	-3.534371177209480130e+00
9.852007813500676670e-02	-1.023905114033815789e+00	-9.075707937245155454e-01	-5.815036506901513080e-01	4.369021076843390694e-01	-4.693676314877728850e-01	-6.294736959367721978e-03	7.302173572088377362e-01	3.672243190185114914e-02	3.058662737943260851e-02
1.869378672001748010e+00	9.635004312500311530e-01	-1.035811282389708987e+00	-8.023518648487721894e-01	-9.387095665024459690e-01	5.975145269553080452e-01	7.028762649806067353e-01	-2.368317659450229484e-01	1.041386248327615061e+00	2.139535021407060089e+00
8.802079574751929814e-01	8.448573085469022192e-01	-1.662566334078608321e+00	-7.597018319104119344e-02	-1.023316872807521261e+00	5.829739204449562173e-01	-4.357736236623176440e-01	-3.462467459986817153e-01	-4.712514457372730670e-01	-2.532449842416717889e+00
-8.878490020032642205e-01	3.384576585273746385e-01	-1.789307752054416945e+00	-8.969950119592878801e-01	1.096383143785181646e+00	1.179726338840012989e+00	2.807077122747497544e+00	-5.061259136017786098e-01	1.310509846235923703e+00	-2.787133852012652069e-01
9.243493716751610689e-01	7.930398971915759987e-02	1.333016267968258339e-01	-3.323793998878626366e-01	3.358926375831022271e-01	1.214007696907324574e+00	-1.177347409307460957e+00	1.053501775468000945e+00	8.478715394053379928e-01	1.518203531346194179e-01
-7.342143334092549045e-02	-8.694347427137528728e-01	4.623823027628735094e-01	3.716577633907308109e-01	-4.072076684859336770e-02	-1.891152376531527179e-01	-5.253704798498587403e-01	1.673151222015932527e-01	1.651137847665691272e+00	-2.805343068227321712e-01
1.122844023846409467e+00	5.180150068402121777e-01	-1.248886999281880517e+00	6.317093387875721833e-01	-1.287569624744067553e+00	7.282901469070857114e-01	-7.734396677979656909e-01	1.665004091640619743e-01	-5.653278659975349285e-01	1.707503732126865570e+00
9.249772275984944336e-01	-5.573843615992899458e-01	2.343682455833737410e-01	-1.501257143407293659e+00	-9.598828163602231012e-01	-5.071182030580203559e-01	-8.227817241884909372e-01	2.943987381748511822e-01	-3.165681025368593526e-01	-3.154857277864779319e-01
-6.093329895131932572e-01	8.663837846456062808e-01	-1.033197117507318907e+00	1.267288070685283763e-01	1.565153022634415247e+00	-2.990440320029523202e-01	1.100356437947741739e+00	8.092792295397267799e-02	-1.082070756672273815e+00	-8.019873398268009268e-01
8.833401618713050407e-01	-2.323321334858765019e-01	-7.129742827760002233e-02	-1.615038889312468751e+00	-1.466378719561084731e-01	1.336479683456564260e-01	-4.523661764430993992e-01	3.632624306229543243e-01	2.924762451756466319e-01	-1.072290228591005201e+00
-3.493872818913619782e-01	6.796087377816188192e-03	-1.706527140011010246e+00	9.327603614486430494e-01	1.364749190627796205e+00	6.567883626663648666e-01	-6.229525813523235644e-01	-3.130874766202940140e-01	1.065154434370381598e+00	-6.051668582823247489e-01
6.902039111382493042e-01	-8.221946025080525411e-01	9.515777058321900350e-02	-1.074402349724744354e+00	-1.515654099381937403e+00	-4.296169434556512123e-01	-8.040853397120919510e-01	-1.418069193498599612e+00	4.389007487610029762e-02	1.552586460708377247e+00
-5.780640645739393291e-01	-4.502978924998344290e-01	-5.261847707737765667e-01	-7.514564826157790201e-01	2.551407928666878377e-01	-1.458986270129531526e+00	6.330999682969420395e-01	-1.367727714183730514e+00	-2.461804819692620938e-01	-2.622456965892671077e-01
-2.212934556501969796e-01	-1.094109224440913630e+00	-8.127400012543689600e-01	-1.681963416893378582e+00	2.036066618832428898e-01	6.506242940173916356e-01	1.853649363168781428e-01	-8.482703160331797054e-01	-6.919564128442834416e-01	-2.230684265089728058e+00
1.230045609166457332e+00	-8.957705617427260680e-01	-1.855988634642441182e-01	1.029076980059940305e-01	4.418686780981935791e-01	7.230453989077997301e-01	1.167594979035809111e+00	1.271924476843974361e+00	1.002088452300211374e+00	4.501559764834359156e-02
-9.108298278145718907e-01	2.575209522975913656e-01	-4.224353916538907128e-01	6.524868485867537649e-01	1.436637705132768561e+00	-1.154952754493913325e+00	1.005449512988118688e+00	-5.011601029831168619e-01	1.364086604924030555e+00	2.728169788081577507e-01
1.995590094267827741e+00	4.045241143639417558e-01	-1.327551140871379598e+00	7.867643449928674038e-01	-1.196050396510476149e-01	-1.488109595260403983e-01	-3.923437073350971582e-01	9.707309961123363751e-01	-3.430773835797788496e-01	-9.522210278401723738e-01
-6.136264765024925655e-02	5.267213467843843283e-03	-3.893145077406444665e-01	5.983500507830818993e-01	-3.302628740532890794e-01	-4.150601913073150850e-01	-3.553763173436842449e-01	1.339828818292746915e+00	-1.136021484995541453e+00	8.214545326078293019e-01
-3.884640051252327697e-02	3.893173182870258153e-01	-1.467301784552452304e+00	-1.430758744162174079e+00	-9.204743824651357986e-01	1.576532682585263911e+00	-6.075317581885351093e-01	-1.021319179847652192e+00	7.397246865846855979e-01	7.882992964097729205e-01
9.678170896181031990e-01	-1.036790263568964088e+00	-8.072017469326353556e-01	-1.369205006863997431e-01	-4.717094517356210104e-01	6.569125670448290322e-01	-1.117064016138842319e+00	2.907520044521885727e-01	-5.322211223059407637e-01	2.206636454060978692e-01
1.752068660589915838e+00	-7.109006465068448688e-02	1.080790671623792054e+00	1.315025755169294264e-01	1.594012084988903011e+00	-2.298322253795383741e-01	2.245669076944968590e-01	-1.996054153935848285e+00	1.243390091031290945e+00	3.964973073892628652e-01
3.171581180270752309e+00	1.013450510306881602e+00	3.781828552972302804e-01	-9.287290481823059496e-01	-1.133603625181332841e+00	-9.597862078112672224e-01	-4.092048303381139451e-01	1.727508772973304296e+00	8.160388478776179344e-01	-4.414602536329568366e-02
-1.515308540418584649e+00	-1.785202368127131400e+00	-9.079464139370071463e-01	4.736488026193663302e-04	-2.561404052241446072e-01	1.327957916840172059e+00	-2.044029373151177609e+00	-7.753844359893821148e-01	1.595843525245708383e+00	-2.056963697650434630e-01
1.208670358418425739e+00	9.223220318714316912e-01	3.209498548018299702e-02	-9.808691691895222720e-01	1.449019050624284821e+00	-1.024161997927119483e+00	3.678172063868110908e-01	2.380423328889702095e+00	1.714719205688692433e-02	-1.714767098195191686e+00
-9.027775602203390592e-01	-1.204848525673432924e+00	-1.434016668964781083e+00	1.520941816657730428e+00	3.354365301363291807e-01	9.460141343127828062e-01	7.420150576155157829e-01	-1.670592681539174451e-01	-4.684554578030026284e-01	-1.199612397680680509e-01
1.476323280348319500e+00	7.879080403130787058e-01	-5.801963676803874037e-01	-1.713613908014074427e-01	3.554679484001241341e-01	3.841894299501374399e-01	1.914449254612396109e-02	1.703714963027653573e+00	5.210920531000591271e-01	4.174033660021871373e-01
3.739604717919808308e-01	1.230973381923639476e+00	-1.798622170206374049e+00	8.777195336834381356e-01	-5.992931791270950104e-01	8.169411308133707472e-03	1.099648410332221715e+00	1.077243364607883391e+00	1.327322627291757762e+00	-1.219463192878695451e-01
-2.726731770274462008e-01	2.042425981457225981e-01	-3.256246279397160270e-01	-9.601025308145301196e-01	-1.758098705769944314e-01	1.881439368777458654e+00	-2.058422634508197735e+00	-8.485058774821453431e-01	-3.834059033235438507e-01	2.611524832173398591e-01
1.691143644090496445e-01	-7.288119202737599611e-01	2.194213950857520246e+00	-7.797382954718548587e-02	-8.681500594725526376e-01	4.096627610410294440e-01	5.573385000527893846e-02	-2.732976802284413642e-01	2.012371768299226482e-01	8.244818001703591026e-02
1.854424871357877258e+00	1.208108296413006322e-01	2.446769448616090692e-01	-1.527836528454240783e+00	-1.190634974376323818e+00	1.048714807157269169e+00	-5.568023302344488924e-03	-1.069027430575636650e+00	4.728554243780526134e-01	-7.909374204778485407e-01
-4.539887437658577385e-01	-1.405950643317338100e+00	-8.867841690149319556e-01	-1.225577004441743778e+00	2.968811409564801052e-01	-1.114905366161743488e-01	-3.560279796860882917e-01	1.038343713654802158e+00	-1.924800243143157896e+00	-3.565436665347735401e-01
5.434745593069235658e-01	6.842087352664439903e-01	6.434656790122678105e-02	-2.014833779132882974e+00	4.389082720438359231e-01	1.577181962172583995e+00	-1.509220860744835413e+00	7.149627046710073722e-03	-9.514974632009187694e-01	8.947584744189002182e-02
-4.922706100418521719e-02	-2.153214053278965645e-01	1.289811598299739792e+00	-1.049827111185684725e+00	2.983672602022173770e-01	-1.606656713915461276e+00	1.636132555001397204e-01	-2.926811711300245089e-01	-2.290381208463313722e+00	-6.559553250702180316e-01
6.071980387121851397e-01	-8.981391581315260053e-01	-1.623017406826175568e+00	4.362173308542603434e-01	-1.559394001638673366e+00	1.054021659396094712e+00	-3.944101841211504200e-01	3.664444783782235815e-01	1.344489734957943883e+00	6.864006835069743628e-01
-8.804861511153881937e-01	-1.921549153628067386e-01	1.120502346427137752e+00	-1.040375922568613110e+00	-1.255811250849177663e+00	1.090510279090575185e+00	2.081483527420425195e-01	5.765290996046030791e-01	3.934564584141142518e-01	1.135221334287633388e+00
-2.280251128497353674e-01	-1.279141384240210177e+00	-7.219695246416570900e-01	1.729881650885579658e-01	-1.197023342716455163e+00	-7.411077125888038131e-01	1.244401591686505743e-01	2.418613768569729539e-01	1.175896966478845895e+00	-6.684263578535333261e-01
-1.780233874589824294e+00	6.416528409760406670e-02	1.678875930051332066e+00	1.521592243973876046e-01	1.199076304195643372e+00	-2.509494901404518696e-01	1.928014948390133876e+00	1.359491981878404143e+00	1.830186745672873760e-02	1.199413175277614929e+00
-1.617658088880286060e+00	7.174276756711848169e-01	2.290995781437534795e+00	-5.850261998988263157e-01	-8.786726386887420137e-01	7.671579799901051544e-01	2.062383200599798294e-01	6.326718467867437079e-01	-6.042974952456071913e-02	-1.120816383660053983e+00
8.250072540137994015e-02	2.007882932680932875e+00	-1.221336693613989777e+00	6.405391323534260772e-01	-3.615671346226800864e-01	-2.958930701039319544e-01	-4.344805341982452829e-01	-1.523222349976764090e+00	1.475525303567285063e+00	-3.256030663175665252e-01
1.076479120344682849e+00	4.294012948530133711e-01	3.748691985461640730e-01	-1.032461251917621281e+00	2.269106889054148812e+00	-6.069763364103840653e-01	-1.576648719428550338e+00	-2.694593406754634546e-01	-1.134622176405021277e+00	-1.465822598896161955e+00
-1.234933516421637067e+00	-1.133659597765028337e+00	-1.124201322795990388e+00	1.834071387411230880e+00	-8.206278412126281063e-01	-1.020862355832141910e+00	-1.220378087113797444e-01	9.769674500938830830e-01	2.230234133920989403e-01	6.561817658664864140e-03
6.467629324089708698e-01	-7.196676049669729069e-01	-9.416683098109864813e-01	7.842843593496547916e-01	5.971713803289065842e-02	-2.231320005423242103e-01	-3.605053102559969691e-01	-1.743001053344358786e-01	3.400822835055695159e-01	4.450276478746156283e-01
-3.939411137681789188e-01	1.145588939908197768e+00	-5.452788653035954836e-01	-4.019465977004599289e-01	-4.060578712796302780e-01	3.666044101123799304e-01	-1.973923722557032190e-01	-3.535602546161661364e-01	3.457275444172442369e-01	1.253517326409294697e+00
-7.514030816980299399e-02	2.784021505428561749e+00	-2.733288903605383791e+00	-5.873143943808128292e-02	4.970513430344238731e-02	1.516820578705936118e+00	-2.422264731705579432e+00	-5.354059364447780189e-02	1.912755766480289665e+00	3.107207581238123906e-01
