2.300030892938090155e+00
7.504014360361793479e+00
3.279903003310453258e+00
6.644580510839536380e+00
9.692389453437291635e+00
2.939659631145370433e+00
-4.111961095568274160e+00
-3.726546620019945966e+00
-1.858183498935851219e+00
3.033757921027796733e+00
1.063624490506386522e+00
2.425091457236901782e+00
-1.356818641053272501e+01
1.065895567419239676e+01
-5.163416976761373789e+00
5.419130169612280667e+00
5.531587688989155538e+00
-1.850785001485898640e+00
-1.594825489041422628e-01
7.032217098916876630e+00
-7.231276596809630419e-01
2.797445304461408710e+00
-1.413277206420259802e+01
5.774022466256211850e+00
2.384336063249730575e+00
2.251202758537438786e+00
-3.191979286271628524e+00
1.117313020003944146e+01
4.968246522196569259e+00
2.704892085752582886e+00
5.735201439644712629e-01
3.725386765132822298e+00
-6.238461726700326171e-01
7.956990518737483420e-02
-4.001036091052051269e+00
1.071144003772694120e+01
-1.029353212561479758e+01
1.230261728005498156e+00
1.011218656491374546e+01
-5.651995357034547141e+00
3.096049154590167163e+00
1.417142748324430102e+00
8.186983161789711971e+00
-1.256816833434684089e+00
-1.850835603620224756e-01
-5.169756191004774237e+00
-2.741045095252531816e+00
-7.617580483492608856e+00
1.200049870750706305e+01
5.930431296177165912e+00
-5.879850905413128714e+00
2.539208953129067581e+00
6.302652055228188388e+00
-5.205004772192734386e+00
-7.678429763227814675e+00
-1.209028113443612540e+01
-9.074561580518061277e-01
4.994081519359850674e+00
1.119282760835035262e+01
1.705261220062115335e-01
-8.090009720186991160e+00
9.817053557584454637e+00
2.918444885279933398e+00
-1.119444363691568523e+00
3.238470969928123111e+00
-1.032482660381164941e+01
5.792943765897284436e+00
-6.215490276902549738e+00
-3.909051182794903490e+00
1.066848816233076924e+01
-1.275527269801776553e+00
9.145905879188278575e-01
-1.277777106010376862e+00
-1.675276302450480870e+00
-5.871086270927310835e+00
4.834956663414751610e+00
-5.100269577551296507e+00
3.377501095972504253e+00
-5.169903493510351389e+00
9.837575301332925903e+00
-3.604275536552733694e+00
-4.045360909041455955e+00
7.083815129087845719e+00
4.316578309068413333e+00
-5.249687011136419557e+00
2.721160485310325061e+00
3.931278245891284939e+00
-7.555507954731935705e+00
-1.353496493948416868e+00
4.435420384876863409e+00
-4.135257323336660740e+00
2.175233356314642652e+00
1.869817227014088701e+00
-6.081183041609130591e-01
-2.866772068131697715e+00
-5.070306060742509224e+00
-5.915075109819388999e+00
8.700643912011001291e+00
-6.209429577454038451e+00
5.968287836787435019e+00
-1.612686700365759229e+00
6.980678374388952889e+00
-9.419323685582476458e+00
6.104721242227494571e+00
-2.039327374090230904e+00
-1.131321340052905633e+00
-6.877601473401201204e+00
1.667773027072386172e-02
-2.641056550573240180e+00
2.663377903398719493e+00
7.665508460004553548e+00
1.097895347738328198e+00
4.510388242646170553e+00
1.547761977017263924e+00
-2.271856567534471516e+00
-5.646865615442328235e+00
1.536725178717280116e+01
7.519554755905212495e+00
-5.338458242327121184e+00
-3.305389403159714190e-01
-2.745393862437591537e+00
4.523338465623717219e+00
1.435564661954617627e+00
3.497272493243608782e+00
-4.895105352313111169e+00
6.240208759688410822e+00
4.937768522804541149e+00
3.132821744150349197e+00
8.331474782597775075e+00
2.614057855114932494e+00
5.941672352948700997e+00
1.592406263028808944e+00
4.858840605734677354e+00
1.001915966875105823e+01
1.085482049604882526e+01
5.271622027372594665e+00
-7.393842579017609218e+00
8.073585109027607842e-01
-7.524913000653032036e+00
2.780314783205830143e+00
1.823733303776049652e+01
7.934844616507920279e+00
-2.056778893106748551e+00
1.518614409215542360e-01
-5.209991517036581143e+00
3.568285277569748004e+00
-1.556826448045788069e+00
4.121368299978236394e+00
4.550667271493644250e+00
5.779857072965064457e-01
-1.249075464032758376e-01
-2.202146887998075009e+00
6.668071358366836066e-01
7.895403906735991129e+00
-3.076182688755522587e+00
4.226099207784020706e+00
-1.730163028375571344e+00
5.897669204381788433e+00
-1.118316327928535969e+00
3.329246851218809145e+00
-4.180946418597756065e+00
9.058664171575809831e-01
-2.517169421475554447e+00
-5.827670986090893734e+00
4.090630058465449359e+00
-3.055182538864186892e+00
1.094950953735644816e+01
2.309329330167167349e+00
4.433076666801863297e+00
-2.500041342330638461e+00
-1.020781050758710151e+01
3.288069755282363893e+00
-2.554133495345066951e+00
1.065784881866021383e+00
-2.140632185147065769e+00
-3.645170551284097282e+00
2.260183347627031658e-01
-1.120049336048383992e+01
-2.835823615510139284e+00
-3.061482846049870421e+00
1.090187621027551401e+00
-3.239078477498099407e+00
2.698118329232123358e+00
-5.150822381273293615e+00
-9.957339751503855751e+00
-1.174468193966855623e+01
-5.117357965865333647e+00
-7.492080098381027398e+00
1.640139792575637578e+00
-2.940030498937428405e+00
-6.177043854576131032e+00
-5.356341663308167966e+00
-2.140227600168406852e+00
-7.982787593895155354e+00
6.494310609676217538e+00
6.748447695619875120e+00
5.165240204076710029e+00
5.026428135317553725e+00
-5.255489409554030544e-01
1.094957652571216222e+01
